time	flux	flux_err
57187.75344000012	1.0017223667743798	0.009737437248376675
57187.753670000006	0.9921350282060294	0.00959481452044872
57187.753899999894	1.0034454901121888	0.009644592967163397
57187.75412999978	1.0042495035653007	0.009603782836834461
57187.75480999984	1.0031301325200643	0.009455616467966653
57187.75504000019	0.9929708638957154	0.009299097214717876
57187.755489999894	1.0051409134421663	0.009313651065831095
57187.75571999978	0.9883927579326245	0.009115135687442814
57187.75594000006	0.9986546971770778	0.009234760205185695
57187.75616999995	1.0025583499561819	0.009152301436985439
57187.75636	1.0016805336963674	0.00910589844693176
57187.756810000166	0.9953802098064481	0.008955891924530108
57187.757000000216	0.992788114737575	0.008893017829617305
57187.757230000105	0.9993172208792181	0.008904393886117091
57187.75745999999	0.9973069202124359	0.008846105822987855
57187.757679999806	1.0088151738663966	0.008898942266509592
57187.75791000016	0.9904891496191569	0.008702986132476392
57187.75814000005	1.0077834797887184	0.00880633181889533
57187.75854999991	0.9950815569350349	0.008623848869575419
57187.7587799998	1.0083520616527886	0.00869538169394926
57187.758959999774	0.9942551893473925	0.008552747865061943
57187.75914999982	0.9919465694810959	0.008490364730723739
57187.75933999987	0.986973165889717	0.00841517638865545
57187.75956000015	1.002034599251023	0.00849829924631746
57187.7597500002	0.9930325466071039	0.008392704559640845
57187.759970000014	1.001550707743522	0.008425409903420857
57187.7601999999	1.0019808444289988	0.008387853425660582
57187.76042999979	0.9907180648855183	0.008258857127443816
57187.76061000023	1.0046569000072605	0.008340250980949935
57187.760799999814	0.9917620316353079	0.008207888536032396
57187.76102000009	0.9911916238386728	0.008164927659798244
57187.76124999998	1.0109425938832708	0.008282307662490282
57187.76147999987	0.9933196505596141	0.008102244199255924
57187.76170000015	1.0011478395465208	0.008124026230631291
57187.76193000004	1.0115351536001331	0.008174589226410007
57187.762389999814	0.9977438444208857	0.007994972008987678
57187.76262000017	0.9944420030496964	0.00793468149832183
57187.76283999998	1.0056972902261383	0.007982798470786829
57187.76303000003	1.0036271017090002	0.00793944153147288
57187.76325999992	0.9940112266900821	0.007833528439464953
57187.76348999981	0.9923867499962888	0.0077921529986522565
57187.76371000009	1.0045222877812137	0.007843037373607035
57187.763939999975	0.9928184597255435	0.007724370244404172
57187.76439000014	0.9860957841053235	0.007627822641057051
57187.76484999992	1.0028384286610108	0.007667324248429929
57187.76507999981	0.9947271857358552	0.007575977865241334
57187.76530000009	1.0026658987938986	0.007603617593120882
57187.765529999975	1.0098925239690508	0.007613049643468206
57187.765759999864	0.9977444628438285	0.007495526173027259
57187.76594999991	1.0049588471105757	0.0075183065081020775
57187.76613999996	0.9956740397972936	0.007432543645418643
57187.76636999985	1.0112806731501127	0.00751018496120602
57187.76660000021	0.9944793492017697	0.007365338869511896
57187.76682000002	0.9866608206763359	0.007279005419922072
57187.76704999991	1.0015007713883988	0.00734663090049582
57187.767279999796	1.0005102309866802	0.007312224282180051
57187.76752000023	1.0002932848849395	0.007276687991086545
57187.7677699998	0.9979554150826302	0.007228583534646182
57187.76800000016	0.9952822511254791	0.007186975264551015
57187.768230000045	1.0029343627798248	0.007213387792896288
57187.76847000001	1.0016960393310026	0.00716409634088056
57187.76873000013	1.003424346517252	0.007150473852638199
57187.76894999994	0.9961118023636052	0.007069156968250025
57187.76917999983	0.9999369454484408	0.00707290353811267
57187.76941000018	0.9886447578910158	0.006988551261391228
57187.769629999995	1.0004317701620073	0.0070759512162106636
57187.770049999934	0.9993115442738917	0.007070700048335494
57187.77027000021	0.9996485291726848	0.007058611806490056
57187.7705000001	0.9944705138656817	0.0069230348684176215
57187.77098000003	1.013218694886182	0.007005426408457554
57187.77119999984	0.9984516206322626	0.0068427006537337635
57187.771660000086	0.9900225427068505	0.0067587423044252045
57187.77206999995	1.0007041510971453	0.006769336051101928
57187.77226	0.9986566211043596	0.006818761815552724
57187.77249999996	1.001093122380859	0.006783560219890601
57187.77272999985	0.9950881135479829	0.006695191230906363
57187.77295000013	0.9939569138459587	0.0066885099992374936
57187.77318000002	0.9930984532582764	0.006637693836278626
57187.77337000007	1.0062010689492455	0.00665571270013017
57187.77359999996	0.9981244634999903	0.006570824770360368
57187.77377999993	1.0017548022235518	0.006579170692010137
57187.774019999895	1.004491567150763	0.006616259518987911
57187.77424000017	1.0097871458550653	0.006603976250301128
57187.774459999986	0.9995028104559783	0.006491233572886913
57187.774689999875	0.9907717021271952	0.006404809883996857
57187.77492000023	0.9858046794361796	0.006347541235529836
57187.77515000012	0.9952182500238167	0.0063807484583048215
57187.77538000001	0.9969045341342361	0.006373521066041828
57187.77559999982	1.005644748535816	0.006400545824070596
57187.775839999784	0.9917124020722173	0.006294098377321901
57187.7760999999	0.9977696174702291	0.006305617619840836
57187.77632999979	1.0001857272457926	0.006294539083614925
57187.776560000144	0.9894265038346121	0.006220807609012745
57187.77677999996	1.0041718913146742	0.006279477797016724
57187.777009999845	0.9913652197871257	0.006175234774056934
57187.7772400002	0.9988788738013404	0.006201757477954837
57187.77747000009	1.0040976002405104	0.006206906481328806
57187.77769999998	1.0054688449976659	0.0061951024977402345
57187.77793999994	1.0092778114629695	0.006208202102375294
57187.77818999998	1.0023954797603236	0.0061393361374294285
57187.77841999987	0.9873215333431723	0.006034112047105971
57187.77864000015	1.0122917654771162	0.006154369926297123
57187.77887000004	1.003817243349544	0.006086466835536983
57187.77924000006	0.9996123660766801	0.006034572591367042
57187.779459999874	0.9993616703465834	0.006008438898498994
57187.77969000023	0.9949749319854286	0.005968159861895174
57187.77992000012	0.9934781768371489	0.005932107125214597
57187.78017999977	1.0089985946842908	0.0059943295149718235
57187.78040000005	1.010588370582154	0.005994605065930126
57187.780629999936	1.0009633183179611	0.005925457987286919
57187.780859999824	1.0032130269217492	0.005925711425956747
57187.78109999979	0.9864568650893097	0.005802527409508317
57187.78132000007	0.9992080692179452	0.005850727422484563
57187.781549999956	1.0072432575216463	0.005879385136767281
57187.781779999845	0.9959761180287849	0.005799683878166468
57187.78200000012	1.0022628531156574	0.0058132286040012875
57187.78223000001	0.990141910150819	0.005734035542223679
57187.7824599999	1.002025003471506	0.005779912575471249
57187.78268000018	0.9901046663185878	0.005717660719360765
57187.78291000007	0.9934564890595738	0.005708996187983409
57187.783139999956	1.0016564124645269	0.005758912049004866
57187.78337999992	0.9900581278527366	0.0056746201615090605
57187.78364000004	0.9988068784132169	0.005693809465481521
57187.78385999985	1.0037579172596538	0.005704913324761543
57187.784090000205	1.009126987673251	0.005705402374091595
57187.78665000014	0.9909013450576607	0.0055089194804264765
57187.78684000019	0.9970308987416034	0.005537504258830865
57187.787029999774	0.9980992604760615	0.005549099480069643
57187.787239999976	0.999326954556996	0.005538630094555872
57187.78750000009	0.9966666416447687	0.005516699109266556
57187.787750000134	0.9996563223285139	0.005555996692441764
57187.788000000175	1.005946999141202	0.005585344993732516
57187.788230000064	0.9997468482992293	0.005473677037341069
57187.78845999995	0.9988508576615596	0.005440526965106634
57187.78868000023	0.9949401858055744	0.005389455411100785
57187.78891000012	1.0052980883065101	0.0054576853850027834
57187.78914000001	0.992502831249236	0.0053963048952325055
57187.78935999982	1.002017995299622	0.005460733473558334
57187.789590000175	0.9963902294453592	0.005405795324794609
57187.78990999982	1.0081273736167986	0.005440357862411694
57187.79014000017	1.005181275675575	0.0053816406419642925
57187.79038000014	1.0058791131159777	0.0052840821193370574
57187.79059999995	0.9978265262713788	0.0052601699482556835
57187.79077999992	1.009593160377764	0.005300066120756651
57187.79104000004	1.0020511272590986	0.005294162492180658
57187.791280000005	0.998065717627988	0.005266915984654507
57187.79150999989	1.0015144041965645	0.005272321122666232
57187.79173999978	1.0054920274943855	0.0052516327295434725
57187.79197000014	0.9977080000079528	0.005193491021404576
57187.79218999995	1.0082605583588875	0.0052351833901903766
57187.79241999984	0.9990133007332371	0.00517425764378639
57187.79265000019	0.9974773609156279	0.005143270616882718
57187.79288000008	1.0009823618786415	0.00510809998573923
57187.79309999989	1.0065096400168465	0.0051410357269431
57187.79328999994	0.9994840912175462	0.005088507557935342
57187.79347999999	1.00424214420671	0.0051203232877208744
57187.79367000004	0.9916371941141087	0.005091529379340304
57187.79385000002	0.9913092511019502	0.005093852140393942
57187.79408999998	0.9995796922242476	0.005163149568723793
57187.794309999794	0.9991123008796036	0.005132319702091559
57187.79454000015	1.0009973506446543	0.005106149566595553
57187.79477000004	1.0000094181351842	0.005112553929605452
57187.794999999925	0.9980307611936574	0.0051427960164936596
57187.795220000204	1.0026470267925343	0.005118787381746963
57187.79545000009	1.010262977228501	0.005160494098964243
57187.79567999998	0.9983153736892605	0.005182583951693727
57187.79593000002	0.9981466819061315	0.005179822104032289
57187.79612000007	0.9982746211139227	0.005216597480933022
57187.79631000012	1.001463416395338	0.005098926269583629
57187.79675999982	0.9919205596355196	0.005057180803723012
57187.79699999979	1.0012590279165041	0.005154918385655464
57187.79723000014	0.9941870025052582	0.005038918906562643
57187.797449999955	1.0008262808772925	0.005069983482230037
57187.79767999984	1.0053494492439459	0.005112262736257343
57187.7979100002	1.0036824386634313	0.005122834197222075
57187.798140000086	1.0022402645374229	0.005073968948485807
57187.798369999975	0.9967933889645497	0.004987137653789161
57187.798599999864	1.0013971047366734	0.0048947989051001395
57187.79882000014	1.0001921380640615	0.004901533720944662
57187.79905000003	0.9935022071433229	0.004861033119499529
57187.79927999992	0.993603006121681	0.004905733341531726
57187.7995000002	1.0080100217986063	0.004922729760995333
57187.799730000086	1.0046606475062114	0.004975516404096647
57187.799959999975	1.0042761859563982	0.004869045335535928
57187.80018999986	1.0012310996556484	0.004941562353344354
57187.80041000014	1.0122931155430097	0.0049851573004258045
57187.80064000003	1.0091517889805877	0.005012793824979747
57187.80086999992	0.9996501000048136	0.004914781624638563
57187.8010900002	0.9901246292744033	0.004876603079031587
57187.801320000086	1.0018538663366143	0.004822944758239024
57187.801549999975	1.0041277364674828	0.004861692751121357
57187.80177999986	0.9946351885819263	0.004806021060357897
57187.80200000014	1.0053103231894647	0.004953889745084678
57187.80223000003	1.0081505421155237	0.004916101276371442
57187.80244999984	0.9973014426972322	0.0048366002120962485
57187.802910000086	1.0030686051220192	0.004825158414787584
57187.803139999975	1.0003189005670132	0.004794974548949846
57187.80335999979	1.0029225394438546	0.0049122904004304385
57187.80359000014	0.9953014957905815	0.004863996904054815
57187.80384999979	1.0008068328841322	0.0048946115178855765
57187.80408000015	0.997179368851326	0.004825824258948621
57187.804310000036	0.9976797244729776	0.004800366182816459
57187.804539999925	1.0031904603105313	0.004855848732965126
57187.80476999981	0.9978632919002576	0.004792326725677232
57187.80499000009	1.0058434574808677	0.004735299801883972
57187.805230000056	1.0067339383653475	0.004637872832840748
57187.80549000017	0.9972676544446163	0.004633502578357444
57187.80572000006	1.0008580661554825	0.00460398623238759
57187.80594999995	1.0030245188762221	0.004618996274781535
57187.80617999984	1.0055157278657538	0.004607647292755649
57187.806410000194	0.999737355364208	0.004563847548094158
57187.80664000008	1.0024485955572144	0.004584317979217657
57187.806859999895	0.9946647239726881	0.004587140179896703
57187.807089999784	0.9954381136150251	0.00453333535717328
57187.80732000014	0.9986725085057677	0.004647151726722635
57187.80755000003	1.0059829457512486	0.004584317014130358
57187.80776999984	0.9930464112162489	0.004455503689710428
57187.808000000194	1.003829813340088	0.004575101413800652
57187.80823000008	1.0035979829753423	0.004600713172219041
57187.80845999997	1.0011043755809128	0.004548948360963258
57187.80867999978	0.9977814673123092	0.004529348206480972
57187.80891000014	0.9983101831567327	0.004502421411733097
57187.80914000003	1.0031842656351229	0.004544801058763572
57187.809369999915	0.9887866946121766	0.004441498874985214
57187.809599999804	1.0019421455046496	0.004583263096614241
57187.80982000008	0.9950847860152163	0.0044748392817823505
57187.81004999997	0.9968173894533753	0.004543563653199159
57187.81027999986	0.9957442766732848	0.004421517020181803
57187.810519999824	1.0046779802536157	0.004446640876912108
57187.81075000018	0.9950538229483694	0.00438824590209845
57187.81100999983	0.9974999261929517	0.004458050559723272
57187.811240000185	0.9970075442965569	0.004451102076955828
57187.81146	1.0053500702440838	0.0044797885157618145
57187.811689999886	0.9906811061568448	0.004541003352085227
57187.811910000164	1.0068484517626606	0.004547975199835334
57187.81214000005	1.0002635834809275	0.004438249720767988
57187.81236999994	0.9973803021011424	0.004459674736007273
57187.81259999983	1.0027710507817575	0.0043740886724668495
57187.812830000184	1.0125460925558682	0.004334647755968194
57187.81305	0.9982220650268353	0.0043925212958017485
57187.813279999886	1.0042037696928587	0.004357576949468424
57187.813509999774	0.9940547426562555	0.004360343408656768
57187.81374000013	1.0024256300004435	0.004250542055827204
57187.81397000002	0.9935744007332116	0.004242050072977936
57187.81414999999	0.999516090729181	0.004258174441458024
57187.81434000004	1.0016061560810021	0.004215943458473153
57187.81453000009	1.0024020855374183	0.004186285969492917
57187.814710000064	0.9903540673807795	0.0041547681189042255
57187.814900000114	1.0081039827765015	0.004235465428139211
57187.81513	0.9973768084342977	0.004215071532042775
57187.815349999815	0.99693816465366	0.0042228123761562895
57187.81558000017	0.994081880091625	0.004186300953583013
57187.81577000022	1.0015170104615871	0.0042280353379981804
57187.8159599998	0.9955157130419697	0.004227201951302971
57187.81613999978	1.000368480514436	0.004198430427019744
57187.8163399999	1.0028799669193809	0.004214245729971551
57187.81651999988	1.0011545730621414	0.004276440518895952
57187.81670999993	0.9959622448074531	0.004301606367131693
57187.8168899999	0.9990157889966662	0.004313695684363685
57187.817090000026	0.999503124249213	0.004254606748015382
57187.81730999984	1.0011560562750526	0.004229169159190295
57187.81999000022	0.9973951389228278	0.004179387575872835
57187.82022000011	0.9987178523798202	0.004216362560513415
57187.82045	1.003512405306846	0.0042287735527752985
57187.82067999989	0.9986894990464481	0.0041668569123738215
57187.820900000166	0.9994539860722294	0.004197657095413704
57187.821090000216	1.0017412439380378	0.004170281312049074
57187.821320000105	1.0063629366664741	0.004098522024407545
57187.82158000022	0.9987992305972594	0.004091589669388069
57187.821800000034	0.994851591186906	0.004166006808858818
57187.82202999992	0.9980260358150832	0.004128950392729122
57187.82225999981	1.0038159962451447	0.0042880410481788605
57187.82248000009	0.9987596880297901	0.004188225184842895
57187.82270999998	1.001109651346551	0.004182253534186103
57187.82293999987	0.9954275364121787	0.004195379897172064
57187.823160000145	0.9989777442686238	0.004264548141991637
57187.823390000034	1.002925311236847	0.004236607308606578
57187.82361999992	0.9961978327812995	0.004228488772411594
57187.823830000125	1.003531661484621	0.004183578696311383
57187.824020000175	0.9994456271996708	0.004159404915646364
57187.824279999826	0.9971869143350605	0.004251753537982211
57187.824500000104	1.000435099270893	0.0042596389700763964
57187.82476000022	1.0031997037509521	0.00422924798701675
57187.82499000011	0.9934743266993954	0.004199721011624493
57187.82522	0.9940054985762777	0.004230811189046817
57187.82544999989	1.0010361126315401	0.0042577945381429005
57187.825710000005	1.0033028748301078	0.004342012884636284
57187.82592999982	1.0014402432251241	0.0043013753376754576
57187.82616000017	1.0013263457879416	0.0042695863450178265
57187.82639000006	1.0021531320759356	0.004229028958755635
57187.82661999995	1.0015555317539284	0.004168989880979668
57187.826880000066	1.0021063930093588	0.004161449690733891
57187.827109999955	0.9922817803053442	0.0041564651460361726
57187.82733999984	1.0137119627178046	0.004235071540331578
57187.82756000012	1.0017980557901942	0.004148811398594812
57187.82779000001	1.0013802372569407	0.0040839438884923964
57187.8280199999	1.0014182550384194	0.004040886269566556
57187.828280000016	0.9975808415021432	0.004020540197202614
57187.828509999905	1.0026293597580054	0.00407780279117565
57187.82873999979	0.9992485011352302	0.004037738195391582
57187.82896000007	1.0046032449241464	0.0039755651014581825
57187.82918999996	0.9968726628094088	0.00404642988427077
57187.82941999985	1.001213604482931	0.003996638453072609
57187.82964000013	1.002365534922092	0.00403598968297878
57187.829870000016	1.0007933894054388	0.003991957001042484
57187.830099999905	0.9969907555875211	0.003949176239900879
57187.83036000002	0.990286176024824	0.003957627478493539
57187.83058999991	1.008958933024335	0.004004662990373604
57187.83081000019	0.9926866318659656	0.003991770177067633
57187.83104000008	1.0040475728678466	0.003937486459746262
57187.831269999966	1.0044431539365046	0.003915897083478276
57187.831499999855	1.0003871868875274	0.003911540814848095
57187.83173000021	1.0050806045593017	0.00387328488055789
57187.8319600001	1.0050324681076568	0.0038712821335053693
57187.83218999999	1.0020971685706324	0.003849196694891334
57187.8324099998	1.009842814685988	0.003798488359541179
57187.83264000015	1.0040219976504585	0.003804595700712393
57187.83287000004	0.9981998502453563	0.003827286882159273
57187.833089999855	1.0020124894826121	0.0038395922196521
57187.83332000021	0.998139171759624	0.0038139182027039035
57187.8335500001	0.9995557962415901	0.003828333040637119
57187.83376999991	0.9994909504949185	0.0037735315490145666
57187.8339999998	1.004167313480547	0.0037568409475257805
57187.83424000023	1.0026315642695967	0.0037934276263493724
57187.83449999988	1.004495191436233	0.0038125846263644112
57187.83472999977	1.0055376137469567	0.0037823776344879005
57187.834960000124	1.0080247462663792	0.003762931586082092
57187.83519000001	1.000358956951247	0.003700105294895424
57187.835409999825	0.9968002466615046	0.0036663463197461406
57187.83564000018	1.0035999993096334	0.0036751485134011125
57187.83587000007	0.999225189968619	0.003658960629818664
57187.83609999996	0.9932977885310884	0.0036280027464270868
57187.836329999845	1.0032923290550149	0.003655907062333995
57187.836550000124	1.0030992230561866	0.003654771632502769
57187.83678000001	1.0006546095533366	0.00363098726931412
57187.8370099999	1.0019910263014158	0.003635439173001892
57187.83723999979	0.9992639053847081	0.003631219135662423
57187.83746000007	1.0080092474885551	0.0036502498002376382
57187.83768999996	1.0057426318904656	0.0036299598557614186
57187.837919999845	1.0025526957016033	0.003631075230688313
57187.8381500002	1.0014397941590751	0.003610300477740705
57187.83837000001	1.0067596251285582	0.003641468666546163
57187.8385999999	1.000851683266851	0.003604768198994635
57187.83882999979	0.9970511043054104	0.003585592629893036
57187.839060000144	1.0006094761633595	0.0035936412073304144
57187.83927999996	1.0076898668487122	0.0036118435975750233
57187.839639999904	0.994603936297545	0.0035696938212078128
57187.83986999979	1.004566072902353	0.0035946830818107817
57187.84009000007	0.9979578205058017	0.0035723371293805454
57187.84031999996	0.9990113282843355	0.0035771415588461693
57187.84053999977	0.9977029754855006	0.003589277881172359
57187.840770000126	0.9990836813991387	0.0035992321248948978
57187.841000000015	0.9980148073142096	0.003587310324856103
57187.8412299999	0.9969786117290081	0.00359076201127672
57187.84145999979	0.9982182327133879	0.0036069592482502887
57187.84168000007	0.9944361521391646	0.0035917847630897717
57187.84190999996	0.9995339064167611	0.0035676421841375526
57187.84213999985	1.0012029523198183	0.0035720677234929465
57187.842360000126	1.0016044886366948	0.0035694473071527697
57187.842590000015	0.9981703450919371	0.0036041729718119895
57187.84282999998	1.0022769995693204	0.0036301431019478154
57187.84304999979	0.9969991462751117	0.003616736494730451
57187.84328000015	0.9987822027044406	0.0036273010331494366
57187.843510000035	1.0098348837880555	0.0036298228592361163
57187.843739999924	1.0010520023872964	0.0036095948882840716
57187.8439600002	1.0040471992921611	0.0036006147996676926
57187.84419000009	1.0000164180074578	0.003606209368177943
57187.84441999998	0.9993053752514832	0.0035691373081094546
57187.84463999979	1.0007429613499295	0.0036118136903921594
57187.844870000146	0.995927455845094	0.0036985403817020347
57187.84511000011	0.9998585837029187	0.0036733388794388164
57187.84534	1.000599281837086	0.0035771051810901612
57187.84556999989	0.9982037444966874	0.003587192808528181
57187.84579000017	0.9995079180346382	0.00360271097348842
57187.84603000013	0.9967745314081974	0.0036027331464531633
57187.84626000002	1.0048484798022914	0.0035590072722002488
57187.84648999991	0.998617819661565	0.0036047025139387227
57187.84671000019	1.0004240748999498	0.003623044822334216
57187.846940000076	1.005154491156818	0.0035983617143790897
57187.84718000004	0.9929282268674997	0.0035710912949638244
57187.84744000016	0.9970502539998726	0.003565330670499736
57187.84765999997	1.0053776183521228	0.0035844362737040567
57187.84788999986	1.0003047614534741	0.003544181467955254
57187.84812000021	1.0094059978098657	0.003598966067745668
57187.8483500001	0.9962475734573288	0.0035679209137143265
57187.848569999915	1.0051065546803772	0.0035772575689763495
57187.8487999998	1.0058972168683982	0.003587198916708951
57187.84903999977	1.0064812629511168	0.003582603743520287
57187.849299999885	1.0052584061197503	0.003684776682255941
57187.84956	0.9937175347194009	0.003614174194735186
57187.84978999989	1.0018148937781555	0.0036775261267084323
57187.85005000001	0.9965285389246592	0.003630037827554698
57187.8502799999	1.0064856401502495	0.0036618041842225602
57187.850500000175	1.0016135395634698	0.0036752685973323145
57187.850730000064	0.9993850942893543	0.0036601815602199856
57187.85336000007	0.9970667418262413	0.0036127427256639304
57187.853589999955	0.9974274893298464	0.0036600246714296736
57187.853819999844	0.9943677009892942	0.003644528519962617
57187.8540500002	0.9965585079103677	0.003613197282060605
57187.85427000001	1.0001083864702491	0.003689164057727256
57187.85472000018	0.998707783908348	0.0036445589624173615
57187.854950000066	0.9999910922203964	0.0036374853668992638
57187.855179999955	0.9972323361858988	0.0036453389531626284
57187.85541999992	0.9938456509239153	0.0035622224189701085
57187.85566999996	0.9982866836938498	0.0036152888332574855
57187.85589999985	1.003120688645534	0.003712686328654067
57187.85615999997	0.9989690498168793	0.0035588014540785676
57187.85637999978	0.9964300837809185	0.003538648946752801
57187.85661000013	0.9983738599512576	0.0035931326008199847
57187.85684000002	0.9977889025453286	0.003456873677436271
57187.85706999991	0.9956876952472385	0.0034138651365385516
57187.85729000019	0.997872525899504	0.003454383157040265
57187.85752000008	0.9985928643181038	0.0034430980862552394
57187.85774999997	0.997397856907333	0.0033987488458784355
57187.85796999978	0.9965062573204768	0.003413914812707065
57187.85820000013	0.9912098701702635	0.00339269717724447
57187.85843000002	0.995237879037368	0.0033570860060656593
57187.858649999835	0.993382562316484	0.0033311213411562554
57187.85888000019	0.9914361357972663	0.003325366111839803
57187.85911000008	0.9978694921237142	0.003364711862863249
57187.859339999966	0.9939990393976906	0.0034056789012406503
57187.859569999855	0.9977267181719095	0.0034510938500054086
57187.85980999982	0.9920038266123845	0.003360209916637459
57187.8600300001	0.990700589957833	0.0033752551666172597
57187.86025999999	0.9927588951464862	0.003356837335792783
57187.860489999875	0.9943204634875971	0.003368956917336819
57187.86072000023	0.9935282617452871	0.0033514459860506433
57187.86094000004	0.9948448743274173	0.0034288474527787763
57187.861219999846	0.9922870847291958	0.003406599041312012
57187.86145999981	0.9868298689261032	0.0034680958458603284
57187.86168000009	0.9965641603759521	0.0034658558207337573
57187.861920000054	0.9925322207431446	0.0034380453462667373
57187.86214999994	0.9898771228272739	0.0034780772293003357
57187.86237999983	0.9885233244060366	0.003408249443437547
57187.86260000011	0.9936308944699247	0.003485923205829186
57187.86283	0.9937614241830164	0.003460071057968204
57187.86306999996	0.9921077212865886	0.0035202763363088615
57187.86329999985	0.9850908973432431	0.0034901534808084718
57187.863530000206	0.9926661201933588	0.0034831151330184896
57187.86375000002	0.9939140389958548	0.0034352715780647664
57187.86397999991	0.9940166074024162	0.0033955039911184475
57187.864240000024	0.995932291166314	0.0034332562132241297
57187.86446999991	0.9902136155668825	0.0034747976899448057
57187.8646999998	0.9948116055171256	0.003478885489678105
57187.86495999992	0.9875311373306979	0.003390738195682021
57187.86518999981	0.9966583196295026	0.003377261486210802
57187.86542000016	0.9891092600493595	0.0033608788640793483
57187.86565000005	0.9925819736090221	0.0033682812992852943
57187.86586999986	0.9924685417542058	0.0033857658525261423
57187.86610000022	0.988874205850727	0.0033327894486773224
57187.866330000106	0.9852368824028576	0.003308865788538703
57187.866559999995	0.9968700710712973	0.003376634144451098
57187.86677999981	0.9910975049608235	0.0033511338707789464
57187.86701000016	0.9906428204683169	0.0033267369492584677
57187.86724000005	0.9927657962414321	0.003336689838977034
57187.86750999978	0.9904358228229801	0.003279201210340555
57187.867730000056	0.9893457350391431	0.003260298391530688
57187.867959999945	0.9948238889555416	0.003276235559083035
57187.86819999991	0.9958725045885716	0.0032727021433504823
57187.8684299998	0.9890765167604096	0.003243216095857273
57187.86866000015	0.9913596804351448	0.003280539326638828
57187.86889000004	0.9987254255011421	0.0032693571577329258
57187.86911999993	0.9890359607253038	0.0032421310313147564
57187.86934000021	0.9924330578413219	0.003246896024988782
57187.8695700001	0.9908915881793832	0.003247250238735256
57187.869799999986	0.9908113058484821	0.0032533661744071655
57187.870029999875	0.9913174885525494	0.003257856522658279
57187.87025000015	0.9967496125576519	0.003302148101275604
57187.87048000004	0.986421884479784	0.003241143177871714
57187.87070999993	0.9866544896155568	0.003241030658208354
57187.87093999982	0.9924669823786371	0.0032555880591046563
57187.8711600001	0.9909002953334926	0.003237851480777951
57187.871389999986	0.9907384738233065	0.0032486938083710936
