time	TF2
4128.734269481152	-12.0244140625
4128.734964220319	-12.05389404296875
4128.735658959486	-12.014556884765625
4128.736353698652	-12.0440673828125
4128.737048437353	-12.063720703125
4128.73774317652	-12.014556884765625
4128.738437904511	-12.102935791015625
4128.739132643212	-12.004730224609375
4128.739827382378	-12.0244140625
4128.740522121079	-12.014556884765625
4128.741216860712	-12.063720703125
4128.741911587771	-12.063720703125
4128.742606326938	-12.073516845703125
4128.743301065639	-12.0440673828125
4128.743995805271	-12.03424072265625
4128.744690543972	-12.0244140625
4128.745385271497	-12.03424072265625
4128.746080010664	-12.03424072265625
4128.74677474983	-12.063720703125
4128.747469488997	-12.0440673828125
4128.748164227698	-12.0931396484375
4128.748858955223	-12.0440673828125
4128.749553706031	-12.073516845703125
4128.750248444732	-12.0244140625
4128.750943183899	-12.063720703125
4128.751637923066	-12.102935791015625
4128.752332650591	-11.994842529296875
4128.753027389292	-12.0931396484375
4128.753722128458	-12.03424072265625
4128.754416867625	-12.102935791015625
4128.756501073483	-12.112701416015625
4128.757195812184	-12.12249755859375
4128.757890551351	-12.05389404296875
4128.758585290052	-11.9849853515625
4128.759280018043	-12.093109130859375
4128.759974756744	-12.073516845703125
4128.76066949591	-12.102935791015625
4128.761364234611	-12.102935791015625
4128.762058974244	-12.073516845703125
4128.762753701303	-12.13226318359375
4128.76344844047	-12.08331298828125
4128.764143191278	-12.05389404296875
4128.764837930445	-12.07354736328125
4128.765532669146	-12.05389404296875
4128.766227396671	-12.12249755859375
4128.766922135837	-12.063720703125
4128.767616874538	-12.0931396484375
4128.768311613705	-12.14202880859375
4128.769006352872	-12.05389404296875
4128.769701079931	-12.03424072265625
4128.770395819098	-12.063720703125
4128.771090558264	-12.112701416015625
4128.771785296965	-12.063720703125
4128.772480036598	-12.13226318359375
4128.775258981157	-12.08331298828125
4128.776648447383	-12.03424072265625
4128.77734318655	-12.0931396484375
4128.7780379257165	-12.0244140625
4128.796101105399	-11.994842529296875
4128.7967958441	-12.014556884765625
4128.7974905716255	-11.975128173828125
4128.7981853103265	-11.994842529296875
4128.798880049493	-12.004730224609375
4128.79957478866	-11.994842529296875
4128.800269527361	-12.073516845703125
4128.800964254886	-12.004730224609375
4128.801658994518	-12.093109130859375
4128.8023537327535	-11.93560791015625
4128.803048472386	-12.014556884765625
4128.803743210621	-12.063720703125
4128.804437938612	-12.0244140625
4128.805132677313	-12.063720703125
4128.80582741648	-12.0244140625
4128.806522155181	-12.08331298828125
4128.807216894813	-12.03424072265625
4128.8086063726805	-12.093109130859375
4128.8093011113815	-12.004730224609375
4128.809995850548	-12.08331298828125
4128.810690589715	-12.0440673828125
4128.811385316774	-12.112701416015625
4128.812080055941	-11.994842529296875
4128.812774794642	-12.0244140625
4128.8134695338085	-12.102935791015625
4128.814164272975	-12.0244140625
4128.814859000035	-12.0931396484375
4128.815553739201	-12.0244140625
4128.816248477902	-12.112701416015625
4128.816943217069	-12.004730224609375
4128.817637956236	-12.0244140625
4128.818332683761	-12.102935791015625
4128.819027422462	-12.0244140625
4128.819722161628	-12.0931396484375
4128.820416900795	-12.0244140625
4128.82111162832	-12.102935791015625
4128.821806367021	-12.0440673828125
4128.822501106188	-12.0244140625
4128.82319585653	-12.12249755859375
4128.823890595697	-12.0440673828125
4128.824585322756	-12.063720703125
4128.825280061923	-12.03424072265625
4128.82597480109	-12.112701416015625
4128.826669539791	-12.03424072265625
4128.827364278957	-12.063720703125
4128.828059006017	-12.07354736328125
4128.828753745183	-12.05389404296875
4128.829448483884	-12.13226318359375
4128.830143223517	-12.0931396484375
4128.830837962218	-12.08331298828125
4128.831532689743	-12.05389404296875
4128.832227428909	-12.05389404296875
4128.83292216761	-12.102935791015625
4128.833616906777	-12.102935791015625
4128.834311645478	-12.0931396484375
4128.835006373003	-12.0440673828125
4128.835701111704	-12.05389404296875
4128.836395850871	-12.05389404296875
4128.83778534038	-12.102935791015625
4128.838480067905	-12.0931396484375
4128.839174806606	-12.13226318359375
4128.839869545773	-12.03424072265625
4128.842648490332	-12.07354736328125
4128.843343228567	-11.9849853515625
4128.8440379682	-12.112701416015625
4128.844732706435	-12.03424072265625
4128.845427434426	-12.05389404296875
4128.846122172661	-12.0244140625
4128.864880078472	-11.975128173828125
4128.865574805997	-11.95538330078125
4128.866269544698	-12.004730224609375
4128.866964283865	-12.004730224609375
4128.8676590342075	-12.00469970703125
4128.868353773374	-12.073516845703125
4128.869048500434	-12.014556884765625
4128.8697432396	-12.014556884765625
4128.870437978301	-11.9849853515625
4128.871132717468	-11.994842529296875
4128.871827456169	-12.063720703125
4128.872522183694	-12.0440673828125
4128.873216922395	-12.0244140625
4128.873911661096	-12.08331298828125
4128.874606400263	-12.0244140625
4128.875301138964	-12.014556884765625
4128.875995866954	-12.0440673828125
4128.87669060519	-12.0440673828125
4128.877385344822	-12.102935791015625
4128.878080083523	-12.0244140625
4128.87877482269	-12.004730224609375
4128.879469549749	-12.05389404296875
4128.880164288916	-12.014556884765625
4128.880859027617	-12.05389404296875
4128.881553766783	-12.08331298828125
4128.882248517126	-12.014556884765625
4128.882943244185	-12.0244140625
4128.883637983352	-12.03424072265625
4128.884332722053	-12.0440673828125
4128.88502746122	-12.014556884765625
4128.885722188279	-12.063720703125
4128.886416927446	-12.08331298828125
4128.887111666147	-12.08331298828125
4128.887806405779	-12.0931396484375
4128.888501144014	-12.0244140625
4128.889195883181	-12.0244140625
4128.88989061024	-12.0244140625
4128.890585349407	-12.05389404296875
4128.891280088108	-12.08331298828125
4128.891974827275	-12.0440673828125
4128.8926695548	-12.08331298828125
4128.893364293501	-12.004730224609375
4128.894059032202	-12.05389404296875
4128.894753771368	-12.03424072265625
4128.895448510069	-12.05389404296875
4128.8961432375945	-12.102935791015625
4128.8968379762955	-12.0440673828125
4128.897532727104	-12.05389404296875
4128.898227465805	-11.96527099609375
4128.898922204506	-12.05389404296875
4128.899616932031	-12.03424072265625
4128.900311670732	-12.063720703125
4128.901006409898	-12.102935791015625
4128.901701148599	-12.05389404296875
4128.9023958873	-12.112701416015625
4128.903090615291	-12.05389404296875
4128.9037853535265	-12.05389404296875
4128.904480093159	-12.0244140625
4128.905174831394	-12.05389404296875
4128.905869570561	-12.0931396484375
4128.90656429762	-12.0244140625
4128.907953775488	-12.03424072265625
4128.910732719582	-12.08331298828125
4128.911427458748	-12.08331298828125
4128.912122208625	-12.0931396484375
4128.912816947792	-12.0440673828125
4128.932964317501	-11.975128173828125
4128.93365904456	-11.94549560546875
4128.934353783727	-11.975128173828125
4128.935048522428	-12.014556884765625
4128.935743261594	-12.00469970703125
4128.936438000295	-12.073516845703125
4128.93713272782	-11.975128173828125
4128.937827466521	-12.004730224609375
4128.938522205688	-11.9849853515625
4128.939216944389	-12.014556884765625
4128.93991168309	-12.05389404296875
4128.940606410615	-12.08331298828125
4128.941301160958	-12.08331298828125
4128.941995899659	-12.004730224609375
4128.942690638825	-12.0244140625
4128.943385377526	-12.014556884765625
4128.944080104586	-12.0244140625
4128.944774843752	-12.063720703125
4128.945469582453	-12.03424072265625
4128.946164321154	-12.13226318359375
4128.946859060321	-11.994842529296875
4128.9475537873805	-12.05389404296875
4128.948248526547	-12.073516845703125
4128.948943265248	-12.063720703125
4128.949638004415	-12.112701416015625
4128.95033274265	-12.0244140625
4128.951027470175	-12.112701416015625
4128.951722208876	-12.03424072265625
4128.952416948043	-12.12249755859375
4128.953111686278	-12.05389404296875
4128.953806414269	-12.0440673828125
4128.95450115297	-12.0931396484375
4128.955195891671	-12.073516845703125
4128.9558906308375	-12.112701416015625
4128.95658538118	-12.014556884765625
4128.9572801082395	-12.0440673828125
4128.9579748469405	-12.08331298828125
4128.958669586107	-12.0440673828125
4128.959364324808	-12.112701416015625
4128.960059063509	-12.063720703125
4128.960753791034	-12.0931396484375
4128.961448529735	-12.0244140625
4128.962143268436	-12.0440673828125
4128.962838007137	-12.0931396484375
4128.963532746304	-12.05389404296875
4128.964227473363	-12.12249755859375
4128.96492221253	-12.073516845703125
4128.965616951231	-12.112701416015625
4128.966311690398	-12.05389404296875
4128.967006428633	-12.05389404296875
4128.967701156158	-12.07354736328125
4128.968395894859	-12.063720703125
4128.969090634026	-12.13226318359375
4128.969785372261	-12.073516845703125
4128.970480111428	-12.12249755859375
4128.971174850129	-12.07354736328125
4128.971869589295	-12.063720703125
4128.972564327996	-12.0931396484375
4128.973259066697	-12.05389404296875
4128.973953805864	-12.13226318359375
4128.974648532923	-12.073516845703125
4128.975343271624	-12.112701416015625
4128.976038010325	-12.0244140625
4128.978122215252	-12.073516845703125
4128.978816954419	-12.112701416015625
4128.97951169312	-12.112701416015625
4128.980206432287	-12.112701416015625
4128.98090115888	-12.05389404296875
4128.981595898047	-12.03424072265625
4128.982290636748	-12.08331298828125
4128.982985375915	-12.03424072265625
4129.000353799667	-11.93560791015625
4129.001048550475	-11.965240478515625
4129.001743277535	-11.9849853515625
4129.002438016236	-11.975128173828125
4129.003132754937	-12.03424072265625
4129.003827493638	-11.95538330078125
4129.004522221629	-12.0244140625
4129.005216959864	-11.965240478515625
