time	SMEAR
4128.734269481152	69.38300462926263
4128.734964220319	77.79695342197984
4128.735658959486	73.61099573883928
4128.736353698652	70.87959426499187
4128.737048437353	78.11971057580668
4128.73774317652	74.02530821511354
4128.738437904511	68.93774038167572
4128.739132643212	68.97632525966839
4128.739827382378	68.60990183612793
4128.740522121079	75.04950511606603
4128.741216860712	67.5730226443148
4128.741911587771	67.46832190744792
4128.742606326938	67.43794222081539
4128.743301065639	68.03654990250973
4128.743995805271	67.55755885405028
4128.744690543972	67.61907900917706
4128.745385271497	67.58846635401633
4128.746080010664	68.01954880888357
4128.74677474983	69.01314937566697
4128.747469488997	69.82730425884635
4128.748164227698	67.9164260783305
4128.748858955223	68.80119179853212
4128.749553706031	101.06947582667999
4128.750248444732	135.88333656082028
4128.750943183899	74.15289019917795
4128.751637923066	68.91635828052091
4128.752332650591	90.4881219722841
4128.753027389292	89.52734766901571
4128.753722128458	68.1002515215998
4128.754416867625	68.73486063538513
4128.756501073483	68.53003351812177
4128.757195812184	69.48615713526311
4128.757890551351	70.88706618247811
4128.758585290052	104.52988813598293
4128.759280018043	115.65391757233229
4128.759974756744	72.76815405798212
4128.76066949591	74.78721675760768
4128.761364234611	84.10034815570165
4128.762058974244	86.13563443995545
4128.762753701303	75.9039190636023
4128.76344844047	73.76044154194595
4128.764143191278	70.00583305852065
4128.764837930445	70.26624804378903
4128.765532669146	70.69913667580846
4128.766227396671	67.94968647451091
4128.766922135837	67.41032935028221
4128.767616874538	67.35607691717982
4128.768311613705	68.28072690670146
4128.769006352872	75.04814211426671
4128.769701079931	75.55017704999351
4128.770395819098	70.76113212271225
4128.771090558264	75.43411140438137
4128.771785296965	77.70501791375196
4128.772480036598	68.72875552810697
4128.775258981157	67.40990762074735
4128.776648447383	67.3645891330006
4128.77734318655	67.650966261358
4128.7780379257165	67.54343722013256
4128.796101105399	87.5507077188602
4128.7967958441	77.20612262329881
4128.7974905716255	74.12240949618332
4128.7981853103265	69.31430814784443
4128.798880049493	68.16389832344794
4128.79957478866	70.11119777879753
4128.800269527361	68.24282084277328
4128.800964254886	67.54676226332879
4128.801658994518	67.34776226158975
4128.8023537327535	68.13246497897616
4128.803048472386	73.5196803285508
4128.803743210621	77.4875137857149
4128.804437938612	71.3076678822793
4128.805132677313	73.36399640172593
4128.80582741648	78.63059605473705
4128.806522155181	69.32507134666031
4128.807216894813	69.30432005724077
4128.8086063726805	72.88584421748858
4128.8093011113815	70.57448180003456
4128.809995850548	67.51496519608305
4128.810690589715	67.41030122110227
4128.811385316774	67.61610755130307
4128.812080055941	68.06366174114979
4128.812774794642	67.37625298961927
4128.8134695338085	67.86292563800015
4128.814164272975	67.61289926479121
4128.814859000035	68.3255302565411
4128.815553739201	69.87743432088608
4128.816248477902	68.62618916679946
4128.816943217069	68.03714815120327
4128.817637956236	71.87110393707414
4128.818332683761	130.93554098437863
4128.819027422462	100.69090042314176
4128.819722161628	69.00290915106262
4128.820416900795	71.42713429207808
4128.82111162832	103.49286100569583
4128.821806367021	71.58617719566939
4128.822501106188	68.11400731671078
4128.82319585653	69.86279816305736
4128.823890595697	73.0705322706483
4128.824585322756	68.5083443740416
4128.825280061923	69.03555710203608
4128.82597480109	69.94971476284346
4128.826669539791	78.40258011281806
4128.827364278957	123.31010616442236
4128.828059006017	89.73863354538177
4128.828753745183	72.43606901736831
4128.829448483884	77.72243777011049
4128.830143223517	87.82030637436546
4128.830837962218	80.50510673703155
4128.831532689743	74.63371241778287
4128.832227428909	71.88890636906976
4128.83292216761	69.33037561624556
4128.833616906777	71.57720045846293
4128.834311645478	69.00460101430356
4128.835006373003	67.663509765682
4128.835701111704	67.2994165475505
4128.836395850871	67.65962729140118
4128.83778534038	77.51424065147869
4128.838480067905	71.86372416450045
4128.839174806606	71.29666080499662
4128.839869545773	78.79961169797147
4128.842648490332	67.64516444148063
4128.843343228567	67.49075316935131
4128.8440379682	67.40576750326984
4128.844732706435	67.40142997380363
4128.845427434426	67.43878789822323
4128.846122172661	67.72429162239872
4128.864880078472	83.29429388458772
4128.865574805997	74.5722865719834
4128.866269544698	72.59126326513478
4128.866964283865	67.84911046114902
4128.8676590342075	69.1840557314379
4128.868353773374	69.48542993661698
4128.869048500434	67.71882122325039
4128.8697432396	67.37908690972478
4128.870437978301	67.55549655873207
4128.871132717468	69.19958409776548
4128.871827456169	77.6399327628977
4128.872522183694	73.88214011247231
4128.873216922395	70.91215191475197
4128.873911661096	78.17574836861183
4128.874606400263	74.51761243552912
4128.875301138964	68.88877132908166
4128.875995866954	68.98066048316564
4128.87669060519	68.22609064228332
4128.877385344822	75.14653035952415
4128.878080083523	67.62869658618624
4128.87877482269	67.46947944898744
4128.879469549749	67.42906840743507
4128.880164288916	68.03005720078832
4128.880859027617	67.61919387344669
4128.881553766783	67.59413403007795
4128.882248517126	67.6221546129209
4128.882943244185	67.982630259697
4128.883637983352	68.9472103976334
4128.884332722053	69.89955127327181
4128.88502746122	67.92752557718718
4128.885722188279	68.68759025662808
4128.886416927446	97.88170962528166
4128.887111666147	137.39924101920502
4128.887806405779	74.17731900829969
4128.888501144014	68.91776317131318
4128.889195883181	88.87182951601321
4128.88989061024	91.3006857967584
4128.890585349407	68.13078312450865
4128.891280088108	68.6613546934081
4128.891974827275	71.74640799297137
4128.8926695548	70.97874852065812
4128.893364293501	68.5257899401718
4128.894059032202	69.52390661763373
4128.894753771368	70.71546840096154
4128.895448510069	102.05445034578344
4128.8961432375945	115.71482221478097
4128.8968379762955	73.5932459134554
4128.897532727104	74.34174545052133
4128.898227465805	83.4880459864817
4128.898922204506	86.14517076225428
4128.899616932031	76.37293575982196
4128.900311670732	74.11838609945545
4128.901006409898	69.94696431969004
4128.901701148599	70.42146430067292
4128.9023958873	70.81683399151697
4128.903090615291	68.00322513440791
4128.9037853535265	67.43138581321215
4128.904480093159	67.34450853412747
4128.905174831394	68.17026456925788
4128.905869570561	74.6048065894476
4128.90656429762	75.83726457515417
4128.907953775488	75.0524708113931
4128.910732719582	67.82498851222991
4128.911427458748	67.63501218478584
4128.912122208625	67.40550542480739
4128.912816947792	67.4288031678795
4128.932964317501	87.514381708192
4128.93365904456	77.36571031730357
4128.934353783727	74.34104691846339
4128.935048522428	69.53922793551394
4128.935743261594	68.17659076744184
4128.936438000295	70.11024607744206
4128.93713272782	68.34685710976765
4128.937827466521	67.56350444306324
4128.938522205688	67.3479784163082
4128.939216944389	68.07886585515062
4128.93991168309	73.14937717401556
4128.940606410615	77.73060171981884
4128.941301160958	71.33054320870039
4128.941995899659	72.98772077916952
4128.942690638825	78.8508427094762
4128.943385377526	69.95867688289592
4128.944080104586	69.30797648590072
4128.944774843752	68.15339396867974
4128.945469582453	72.53871648877558
4128.946164321154	70.90740205065322
4128.946859060321	67.51951114866652
4128.9475537873805	67.41479389009157
4128.948248526547	67.58895897811031
4128.948943265248	68.07855253943573
4128.949638004415	67.38611608004626
4128.95033274265	67.86022137119723
4128.951027470175	67.58323649157273
4128.951722208876	68.28413795985735
4128.952416948043	69.80644370234191
4128.953111686278	68.73920982583782
4128.953806414269	68.04812909333201
4128.95450115297	71.36038187950672
4128.955195891671	128.5297975887836
4128.9558906308375	104.14130655896201
4128.95658538118	69.04181786202324
4128.9572801082395	70.5962807720131
4128.9579748469405	103.49468347709495
4128.958669586107	72.43450821296398
4128.959364324808	68.02315173648446
4128.960059063509	69.75889400994615
4128.960753791034	73.05333003130599
4128.961448529735	68.59595465504218
4128.962143268436	68.94849904629747
4128.962838007137	69.84898071002169
4128.963532746304	76.79783842259975
4128.964227473363	123.30695866759804
4128.96492221253	89.75148653705246
4128.965616951231	72.1652984370901
4128.966311690398	77.62071709510116
4128.967006428633	87.68148909098376
4128.967701156158	80.76038813662414
4128.968395894859	74.60999121231924
4128.969090634026	71.84307874628765
4128.969785372261	69.34416990668305
4128.970480111428	71.60340455690869
4128.971174850129	69.16599199302203
4128.971869589295	67.68243539000918
4128.972564327996	67.30032880579061
4128.973259066697	67.62239618560432
4128.973953805864	70.39931103467816
4128.974648532923	77.52093450079272
4128.975343271624	72.09987166904337
4128.976038010325	71.1243777149684
4128.978122215252	68.88985188667866
4128.978816954419	68.4563777952261
4128.97951169312	67.64510794469453
4128.980206432287	67.50523326255978
4128.98090115888	67.40263610697649
4128.981595898047	67.40695046716712
4128.982290636748	67.42735168394555
4128.982985375915	67.7336541422319
4129.000353799667	76.1089699628964
4129.001048550475	85.78578100305187
4129.001743277535	83.82701175084213
4129.002438016236	74.63160906168574
4129.003132754937	72.92479597324001
4129.003827493638	67.927603458851
4129.004522221629	69.20746076571086
4129.005216959864	69.59227708382537
