time	CX
4128.734269481152	548.0504150390625
4128.734964220319	548.2142333984375
4128.735658959486	548.0405883789062
4128.736353698652	548.0538940429688
4128.737048437353	548.1973876953125
4128.73774317652	547.8872680664062
4128.738437904511	548.0338134765625
4128.739132643212	547.8001098632812
4128.739827382378	547.2821044921875
4128.740522121079	547.6370239257812
4128.741216860712	547.3192138671875
4128.741911587771	547.4691162109375
4128.742606326938	547.4315795898438
4128.743301065639	547.568603515625
4128.743995805271	547.977783203125
4128.744690543972	547.8529663085938
4128.745385271497	547.9742431640625
4128.746080010664	547.9266967773438
4128.74677474983	547.72216796875
4128.747469488997	547.195068359375
4128.748164227698	547.406982421875
4128.748858955223	547.6583862304688
4128.749553706031	547.3394775390625
4128.750248444732	547.4044799804688
4128.750943183899	547.8583374023438
4128.751637923066	548.1170654296875
4128.752332650591	548.1436157226562
4128.753027389292	547.6176147460938
4128.753722128458	547.3513793945312
4128.754416867625	548.0487060546875
4128.756501073483	547.5237426757812
4128.757195812184	547.6856689453125
4128.757890551351	547.8011474609375
4128.758585290052	548.1347045898438
4128.759280018043	548.0902709960938
4128.759974756744	547.7767944335938
4128.76066949591	547.315185546875
4128.761364234611	547.5250244140625
4128.762058974244	547.2817993164062
4128.762753701303	547.5753173828125
4128.76344844047	547.6050415039062
4128.764143191278	547.72119140625
4128.764837930445	547.5374755859375
4128.765532669146	548.0020141601562
4128.766227396671	547.4437255859375
4128.766922135837	547.6463012695312
4128.767616874538	547.6451416015625
4128.768311613705	547.788330078125
4128.769006352872	547.4769287109375
4128.769701079931	547.4223022460938
4128.770395819098	547.2365112304688
4128.771090558264	547.844970703125
4128.771785296965	547.6318359375
4128.772480036598	547.371826171875
4128.775258981157	547.5531005859375
4128.776648447383	547.1026611328125
4128.77734318655	547.0827026367188
4128.7780379257165	546.9732055664062
4128.796101105399	547.4427490234375
4128.7967958441	547.5369873046875
4128.7974905716255	547.2855224609375
4128.7981853103265	547.2959594726562
4128.798880049493	547.7698974609375
4128.79957478866	547.4823608398438
4128.800269527361	547.6370849609375
4128.800964254886	547.2513427734375
4128.801658994518	547.3670043945312
4128.8023537327535	547.6923828125
4128.803048472386	548.0354614257812
4128.803743210621	547.7447509765625
4128.804437938612	547.9601440429688
4128.805132677313	547.757080078125
4128.80582741648	547.7241821289062
4128.806522155181	547.5574951171875
4128.807216894813	547.7316284179688
4128.8086063726805	547.0993041992188
4128.8093011113815	547.278076171875
4128.809995850548	547.1642456054688
4128.810690589715	547.319580078125
4128.811385316774	547.4185180664062
4128.812080055941	547.580078125
4128.812774794642	547.704833984375
4128.8134695338085	547.8902587890625
4128.814164272975	547.892822265625
4128.814859000035	547.7312622070312
4128.815553739201	547.2554931640625
4128.816248477902	547.0169067382812
4128.816943217069	547.6181030273438
4128.817637956236	547.2765502929688
4128.818332683761	547.15625
4128.819027422462	547.4669799804688
4128.819722161628	548.0994873046875
4128.820416900795	548.0697021484375
4128.82111162832	547.6421508789062
4128.821806367021	547.31201171875
4128.822501106188	547.7178955078125
4128.82319585653	548.0020751953125
4128.823890595697	548.166259765625
4128.824585322756	548.0001831054688
4128.825280061923	547.2182006835938
4128.82597480109	547.851318359375
4128.826669539791	547.8462524414062
4128.827364278957	547.934814453125
4128.828059006017	547.9553833007812
4128.828753745183	547.5545043945312
4128.829448483884	547.501953125
4128.830143223517	547.5633544921875
4128.830837962218	547.365478515625
4128.831532689743	547.3760986328125
4128.832227428909	547.6802368164062
4128.83292216761	547.4192504882812
4128.833616906777	547.8197021484375
4128.834311645478	547.70458984375
4128.835006373003	547.5198364257812
4128.835701111704	547.7080078125
4128.836395850871	547.4828491210938
4128.83778534038	547.40771484375
4128.838480067905	547.2821044921875
4128.839174806606	547.5243530273438
4128.839869545773	547.54150390625
4128.842648490332	547.4701538085938
4128.843343228567	547.253173828125
4128.8440379682	547.4263305664062
4128.844732706435	547.0748901367188
4128.845427434426	547.0695190429688
4128.846122172661	547.1419067382812
4128.864880078472	547.4149780273438
4128.865574805997	547.4467163085938
4128.866269544698	546.8829345703125
4128.866964283865	547.7853393554688
4128.8676590342075	547.4157104492188
4128.868353773374	547.4939575195312
4128.869048500434	547.4417724609375
4128.8697432396	547.2313842773438
4128.870437978301	547.3966064453125
4128.871132717468	547.7119750976562
4128.871827456169	547.9978637695312
4128.872522183694	547.5804443359375
4128.873216922395	547.7612915039062
4128.873911661096	547.7377319335938
4128.874606400263	547.4551391601562
4128.875301138964	547.7456665039062
4128.875995866954	547.373291015625
4128.87669060519	547.0497436523438
4128.877385344822	547.2529907226562
4128.878080083523	547.0906982421875
4128.87877482269	547.2160034179688
4128.879469549749	547.1563720703125
4128.880164288916	547.3806762695312
4128.880859027617	547.8811645507812
4128.881553766783	547.542236328125
4128.882248517126	547.783935546875
4128.882943244185	547.699462890625
4128.883637983352	547.578125
4128.884332722053	546.968017578125
4128.88502746122	547.1368408203125
4128.885722188279	547.51025390625
4128.886416927446	547.1339111328125
4128.887111666147	547.187255859375
4128.887806405779	547.781494140625
4128.888501144014	547.8851928710938
4128.889195883181	547.9607543945312
4128.88989061024	547.537841796875
4128.890585349407	547.1261596679688
4128.891280088108	547.8187255859375
4128.891974827275	548.0238647460938
4128.8926695548	548.0899047851562
4128.893364293501	547.3497924804688
4128.894059032202	547.4793090820312
4128.894753771368	547.686767578125
4128.895448510069	548.0221557617188
4128.8961432375945	548.0533447265625
4128.8968379762955	547.5687866210938
4128.897532727104	547.354248046875
4128.898227465805	547.3245239257812
4128.898922204506	547.1840209960938
4128.899616932031	547.3866577148438
4128.900311670732	547.4907836914062
4128.901006409898	547.5791015625
4128.901701148599	547.4500732421875
4128.9023958873	547.8446655273438
4128.903090615291	547.3504638671875
4128.9037853535265	547.5296020507812
4128.904480093159	547.5881958007812
4128.905174831394	547.7254028320312
4128.905869570561	547.4576416015625
4128.90656429762	547.3089599609375
4128.907953775488	547.6831665039062
4128.910732719582	547.4773559570312
4128.911427458748	547.376220703125
4128.912122208625	547.4492797851562
4128.912816947792	547.2307739257812
4128.932964317501	547.3030395507812
4128.93365904456	547.4056396484375
4128.934353783727	547.1414794921875
4128.935048522428	546.9932861328125
4128.935743261594	547.5526123046875
4128.936438000295	547.2528076171875
4128.93713272782	547.4393310546875
4128.937827466521	547.2107543945312
4128.938522205688	547.1575927734375
4128.939216944389	547.5569458007812
4128.93991168309	547.8763427734375
4128.940606410615	547.530029296875
4128.941301160958	547.7890014648438
4128.941995899659	547.5355224609375
4128.942690638825	547.546875
4128.943385377526	547.4622192382812
4128.944080104586	547.5932006835938
4128.944774843752	547.2467651367188
4128.945469582453	546.9345092773438
4128.946164321154	547.2518310546875
4128.946859060321	547.1277465820312
4128.9475537873805	547.1539306640625
4128.948248526547	547.2683715820312
4128.948943265248	547.3539428710938
4128.949638004415	547.5299682617188
4128.95033274265	547.7109375
4128.951027470175	547.5932006835938
4128.951722208876	547.5760498046875
4128.952416948043	547.0729370117188
4128.953111686278	546.8312377929688
4128.953806414269	547.4006958007812
4128.95450115297	547.1944580078125
4128.955195891671	547.0855102539062
4128.9558906308375	547.2462158203125
4128.95658538118	547.8516235351562
4128.9572801082395	547.947265625
4128.9579748469405	547.5802612304688
4128.958669586107	547.1497192382812
4128.959364324808	547.4308471679688
4128.960059063509	547.839111328125
4128.960753791034	548.0576782226562
4128.961448529735	547.7780151367188
4128.962143268436	547.044189453125
4128.962838007137	547.67822265625
4128.963532746304	547.6690673828125
4128.964227473363	547.928466796875
4128.96492221253	547.740234375
4128.965616951231	547.4041137695312
4128.966311690398	547.2725219726562
4128.967006428633	547.362060546875
4128.967701156158	547.2243041992188
4128.968395894859	547.067138671875
4128.969090634026	547.5249633789062
4128.969785372261	547.2809448242188
4128.970480111428	547.689208984375
4128.971174850129	547.5897216796875
4128.971869589295	547.4393310546875
4128.972564327996	547.5411987304688
4128.973259066697	547.3016357421875
4128.973953805864	547.654052734375
4128.974648532923	547.3131103515625
4128.975343271624	547.112548828125
4128.976038010325	547.3424072265625
4128.978122215252	546.8964233398438
4128.978816954419	547.1083374023438
4128.97951169312	547.3763427734375
4128.980206432287	547.1777954101562
4128.98090115888	547.4076538085938
4128.981595898047	546.8240966796875
4128.982290636748	546.9741821289062
4128.982985375915	546.8953857421875
4129.000353799667	546.8206787109375
4129.001048550475	546.6494750976562
4129.001743277535	547.323486328125
4129.002438016236	547.3270874023438
4129.003132754937	546.708984375
4129.003827493638	547.577880859375
4129.004522221629	547.2391967773438
4129.005216959864	547.3065795898438
