time	flux	flux_err
# BJD-240000	w/o unit	w/o unit
57740.62437520269	1.0003213524080878	8.48568457506e-05
57740.64480760554	1.0001364220221556	8.4843347414e-05
57740.66524010758	1.000162546111777	8.48390646e-05
57740.685672409374	0.9999234859736672	8.4828233629e-05
57740.70610481034	1.0001859596913367	8.48395095535e-05
57740.72653731052	1.0002429904470989	8.48534660029e-05
57740.746969610445	1.0000745822422483	8.48671368066e-05
57740.76740200957	0.9996999871136804	8.49328186361e-05
57740.78783450788	1.0001416720043084	8.4949013313e-05
57740.808266906075	1.0000637151766243	8.49261411964e-05
57740.828699203215	1.0002345078878574	8.49181676543e-05
57740.849131700124	0.9999500305960004	8.4902199333e-05
57740.869564096436	1.0001218009553785	8.48930785441e-05
57740.889996391714	0.999711398486833	8.48625748153e-05
57740.91042888678	1.000374348989172	8.48621561907e-05
57740.93086128123	0.9993177710779292	8.48236696649e-05
57740.95129357512	0.9910349099943928	8.44994488077e-05
57740.9717260683	0.988395427477807	8.44000075979e-05
57741.03302324376	0.987857783642265	8.4516532803e-05
57741.053455634516	0.9888131612084188	8.4550390399e-05
57741.07388792465	0.9938832656916	8.47507714114e-05
57741.09432041457	1.000093646665969	8.49812856471e-05
57741.114752703346	0.9997963234752124	8.49545567512e-05
57741.13518509177	1.00020843836664	8.4948688082e-05
57741.15561757935	0.9997833497009956	8.4925013227e-05
57741.176049966845	0.9998383899146096	8.48991567908e-05
57741.19648235338	1.0001222445621936	8.48903145081e-05
57741.21691473945	0.9999103998924138	8.48633543788e-05
57741.27821189351	1.0000312214433	8.49739530843e-05
57741.29864427727	0.9999762494216408	8.49793408349e-05
57741.31907676021	0.9998269488179136	8.4978212595e-05
57741.33950904291	1.0000142421927067	8.49799394772e-05
57741.35994142433	1.0000784528985749	8.49862138531e-05
57741.38037390588	1.0000212432847806	8.49866259187e-05
57741.400806186255	1.00001199425519	8.49822538603e-05
57745.1603545188	1.0003988140476905	8.50669810217e-05
57745.180786891375	1.0001176163226029	8.50502357936e-05
57745.20121916384	0.9998864219144192	8.50358726422e-05
57745.221651435364	1.0000162267954444	8.50312631903e-05
57745.24208370642	1.0000746991988714	8.50421317897e-05
57745.262515977025	0.9995478979345592	8.50093651475e-05
57745.28294824668	0.9998225521278212	8.50134102695e-05
57745.303380515885	1.0002222141527355	8.50115767385e-05
57745.32381278463	0.9999367575373006	8.49906935414e-05
57745.344245052904	1.0001369496066703	8.49885518961e-05
57745.36467742081	1.0001591857548118	8.4989256192e-05
57745.385109587565	0.9999088913765466	8.49705200527e-05
57745.4464063854	0.9998843336587188	8.50039226682e-05
57745.46683875006	0.9982142546940052	8.49490142611e-05
57745.487271014135	0.990037396600507	8.46306034447e-05
57745.507703178104	0.9875379101379436	8.45333937074e-05
57745.528135540895	0.9877918135373382	8.45510282898e-05
57745.54856780358	0.9873571753735968	8.45423072562e-05
57745.56899996569	0.9879097771577816	8.45713403082e-05
57745.58943232708	0.9891739018586568	8.46259530283e-05
57745.60986448778	0.99538947274387	8.48739068419e-05
57745.63029674813	0.9999124313824606	8.50556822196e-05
57745.65072910766	1.0001178167115692	8.50764000264e-05
57745.6711612665	0.9999126229177644	8.50776236816e-05
57745.69159352546	0.9998277957350992	8.50756940285e-05
57745.71202588313	0.9998078475800553	8.50784144034e-05
57745.732458140694	1.0000403894574594	8.50932681425e-05
57745.75289029767	0.9996550144233288	8.50904765639e-05
57745.77332265396	1.0002869563302943	8.51029594978e-05
57745.793754909646	0.9999263531433594	8.50844403334e-05
57745.81418706477	0.9999723049218904	8.50822784524e-05
57745.83461941919	1.0002201668358957	8.51106821798e-05
57745.85505167301	1.000205241709642	8.51029177963e-05
57745.87548382674	1.0003007136539623	8.5099853713e-05
57745.895916179754	1.0000140271909197	8.50858120908e-05
57745.916348431725	1.0000012503843876	8.50804496802e-05
57745.93678058357	1.000099899990648	8.50766332477e-05
57754.21179889189	0.999763490396793	8.52000026165e-05
57754.23223092826	0.9998043553376508	8.51890402253e-05
57754.25266306428	0.9998468581100106	8.51883165447e-05
57754.273094999604	0.9997634570128244	8.51834586966e-05
57754.29352703458	1.0002722493761813	8.51939614939e-05
57754.31395916921	1.0003265165870865	8.51782278629e-05
57754.334391203236	1.000349734268616	8.51802653574e-05
57754.35482313671	1.0000701024327028	8.51898890284e-05
57754.37525526946	1.0001395782735532	8.51935122517e-05
57754.3956873021	1.000269351875266	8.5209349911e-05
57754.41611923416	1.0002205600131666	8.52087401152e-05
57754.43655136553	0.9999913932630528	8.52113997339e-05
57754.456983396776	1.00004291915228	8.52428369513e-05
57754.477415326975	1.0001475550318553	8.52653396279e-05
57754.497841642704	0.999970910331064	8.52736516348e-05
57754.518267886706	0.9997317733978464	8.52769046218e-05
57754.53869981598	0.9962961347963044	8.51555897689e-05
57754.55913194455	0.9891118822235472	8.48947460497e-05
57754.57956397254	0.9876102427277752	8.48625416769e-05
57754.599995899945	0.9878404956140114	8.48826713756e-05
57754.62042802713	0.987258715208595	8.48933634258e-05
57754.64086005371	0.988434781635632	8.49452144482e-05
57754.661291979726	0.9892913866273816	8.5017580363e-05
57754.68172410551	0.9970675435504468	8.53470028624e-05
57754.7021561307	0.9995798445844298	8.54719851339e-05
57754.72258815541	0.9998644570671352	8.55060685298e-05
57754.74302017969	0.9998979136675092	8.52576133748e-05
57754.763452203006	1.0000539853198225	8.5270555378e-05
57754.78388422633	1.000057133519617	8.52923476401e-05
57754.80431634887	0.9999063911957392	8.53107873646e-05
57754.82474827113	0.9999658250817516	8.53235842171e-05
57754.84518029308	1.000009183762778	8.53409798118e-05
57754.86561241419	1.00018648617924	8.53811695292e-05
57754.88604433509	1.0001906952269066	8.54066531612e-05
57754.906476355165	0.9996676289103832	8.54213058664e-05
57754.92690847488	1.000215695336714	8.54557666815e-05
57754.94734039437	1.000066226130054	8.54595387327e-05
57754.96777241304	1.0002967222489247	8.54918673637e-05
57758.74768810625	1.0000671062154307	8.53211817e-05
57758.768120137975	1.0001528251625311	8.53645177043e-05
57758.78855196898	1.0002048992204289	8.53947400265e-05
57758.80898389965	1.0001518456727083	8.54207663798e-05
57758.82941582985	1.0004958080238706	8.5473953904e-05
57758.84984775911	0.9998774603376148	8.54784114594e-05
57758.870279688395	1.000082271316951	8.55122410404e-05
57758.931575573515	0.9999849589470492	8.53611764744e-05
57758.95200750091	1.0000760098836263	8.53315299655e-05
57758.97243932774	0.9996262744732526	8.53036018125e-05
57758.99287135435	0.9995518877788117	8.52828512049e-05
57759.0133032808	1.0000322412734526	8.52999754044e-05
57759.03373510623	0.9997622389183662	8.52844724857e-05
57759.05416713143	1.0000937797685236	8.52815705053e-05
57759.07459905603	0.995563542296157	8.51188699754e-05
57759.09503088052	0.9894867032513088	8.4897542776e-05
57759.11546290433	0.9880406776994654	8.48699297497e-05
57759.13589482753	0.9875499279524286	8.48806333178e-05
57759.156326650635	0.9875147743648488	8.49134963205e-05
57759.17675867304	0.9883392875555702	8.49630193433e-05
57759.19719059533	0.990578603404309	8.50742851202e-05
57759.21762241704	0.9986248655220142	8.54275716451e-05
57759.23805443803	0.9998918642576444	8.54986643609e-05
57759.25848635892	1.0002864489549468	8.55170973918e-05
57759.27891827888	1.0003371020688154	8.55392507139e-05
57759.29935019881	1.0000276797090342	8.55643134477e-05
57759.31978211831	0.9997657606168464	8.55814006128e-05
57759.340214037344	0.9998543268710892	8.56129457439e-05
57759.36064605553	1.000292145574364	8.56518606127e-05
57759.38107787399	0.9993065162134964	8.56734254032e-05
57759.42194180842	1.0003002604867488	8.53332259558e-05
57759.442373625454	1.0001015574581793	8.5349603223e-05
57759.46280554169	1.00024906018235	8.53832008666e-05
57759.48323755757	1.0000428267273074	8.54010644203e-05
57759.50366937277	1.0001815827864675	8.54332872471e-05
57759.52410128759	1.000121914853829	8.5468809021e-05
57763.28356671752	0.9996894580337686	8.54225685348e-05
57763.303998654235	0.9997818716250348	8.54625912874e-05
57763.34486222642	1.000046927741862	8.54881941538e-05
57763.36529416172	0.9999650398690628	8.55119074945e-05
57763.385725896806	1.0001604036472518	8.54978466681e-05
57763.406157731086	0.9997424397327392	8.5482376417e-05
57763.42658966546	0.9997702034923592	8.5457800999e-05
57763.44702139915	1.0002768667118185	8.54313261805e-05
57763.4674532325	1.000483292280292	8.54068780607e-05
57763.48788516549	1.0000203564511136	8.53735654554e-05
57763.50831699789	0.9998910223895456	8.53744232787e-05
57763.528748730205	1.000181474210463	8.54025694218e-05
57763.54918066226	1.0002899959296832	8.54441219516e-05
57763.56961249328	1.0000600966194972	8.54787229674e-05
57763.590044224635	0.9997477614544872	8.55108792481e-05
57763.610476154834	0.994206105094418	8.5337200849e-05
57763.63090798539	0.9886699088687774	8.51696738244e-05
57763.65133971488	0.9875069848262472	8.51626860888e-05
57763.671771644156	0.986775818318416	8.51794296282e-05
57763.6922034733	0.99945850412603	8.57139702707e-05
57763.71263520186	0.988061619087964	8.53141565364e-05
57763.73306713021	0.9939734597461468	8.57559605266e-05
57763.75349895797	0.9992102927653106	8.58128407946e-05
57763.773930685136	0.9946626468530316	8.53507344743e-05
57763.83522626523	1.0001307076879529	8.54072734184e-05
57763.85565809068	1.0001877678704738	8.54089490931e-05
57763.8760899161	0.9995579706912282	8.54056016898e-05
57763.89652174105	1.0001573397280537	8.54427078462e-05
57763.91695356601	0.9998849601895716	8.5472968174e-05
57763.93738539007	0.9998123468429116	8.54986666494e-05
57763.95781731373	1.0000762278058424	8.55393443707e-05
57763.97824913729	0.9999019773498612	8.55612587113e-05
57763.99868086026	0.9998977167884876	8.55942219634e-05
57764.01911278301	1.0001613424543243	8.56362995092e-05
57767.81942545249	1.0000387417328314	8.55255647081e-05
57767.839857304934	0.999934048080703	8.55161204085e-05
57767.86028905726	1.000336527589222	8.54999386969e-05
57767.88072070945	1.0006797255751014	8.5523733566e-05
57767.901152560946	1.0004560015381567	8.55237550821e-05
57767.921584311865	1.0001255250487524	8.55497968495e-05
57767.942015962675	1.000047776848797	8.55756762001e-05
57767.96244781325	0.9996908177145312	8.55847892782e-05
57767.98287956324	0.9996547066535146	8.56140210497e-05
57768.00331121311	1.000144632727078	8.56308645415e-05
57768.023743062746	0.9998018066743029	8.55963545622e-05
57768.044174811796	1.00009947920206	8.55814832747e-05
57768.06460646028	1.000092459463517	8.55613157591e-05
57768.08503830898	1.0000093965484165	8.55392746659e-05
57768.10547005665	0.9999074043936356	8.55250075249e-05
57768.12590180433	0.9997239964976544	8.55152279075e-05
57768.14633355198	0.993451869982565	8.52667674757e-05
57768.16676529869	0.9888426702557686	8.50993347872e-05
57768.18719704543	0.9876577182995052	8.50808421094e-05
57768.207628891796	0.987255471089729	8.50940141899e-05
57768.22806053749	0.98689289885391	8.51128140802e-05
57768.24849228328	0.9878875293034556	8.51704580561e-05
57768.26892412826	0.9917229782080004	8.52805404467e-05
57768.28935577348	0.9998751456533108	8.55577352415e-05
57768.30978751787	0.9999075568949652	8.55477900346e-05
57768.33021936193	0.999816390889734	8.55237116541e-05
57768.35065100574	0.999749504815066	8.55078876976e-05
57768.37108274922	1.0000259202950967	8.55190463674e-05
57768.39151459234	1.0001139219817252	8.55435516796e-05
57768.4119462352	1.0004328461090684	8.55727003097e-05
57768.432377977755	1.0003502847863188	8.5595941572e-05
57768.49367320305	1.000042681999041	8.56247266303e-05
57768.51410504385	0.9997014613529692	8.56191828296e-05
57768.53453668486	0.9996187237997358	8.56450064718e-05
57768.554968525204	0.9999728767224096	8.5646622136e-05
57768.5754002654	1.0001619676677187	8.56712008309e-05
57768.59583190503	1.000194050246369	8.56610356342e-05
57772.35526700085	0.9999533784511104	8.57510320808e-05
57772.37569858089	0.9999249022593152	8.57366107133e-05
57772.39613026056	1.0000466520167135	8.57391992186e-05
57772.41656204034	1.0000828185682653	8.57391072537e-05
57772.436993619434	1.0001955793340265	8.57526281077e-05
57772.45742529816	1.0001910507134908	8.57686964857e-05
57772.477857077036	1.000607078609251	8.57991405957e-05
57772.498288755305	1.0000060697973792	8.58004426962e-05
57772.51872033346	0.9998662839621018	8.58091095754e-05
57772.53915211092	1.0000880175632918	8.58391129776e-05
57772.55958378874	1.000096048469194	8.58607519501e-05
57772.5800153655	0.9996663111527104	8.58714564576e-05
57772.600447142504	0.9997629049798722	8.59086097797e-05
57772.62087881892	1.0002645634592868	8.59512331013e-05
57772.6413103952	0.9995460964839225	8.57795005234e-05
57772.66174217127	0.9997699510586896	8.5786612929e-05
57772.68217384675	0.9918145135398204	8.54641244782e-05
57772.70260542211	0.9883367573904474	8.53171146663e-05
57772.723037197255	0.9874588637551056	8.52912224908e-05
57772.74346887227	0.9875523088897136	8.52836706564e-05
57772.763900546815	0.9879485944804112	8.53073530844e-05
57772.78433222091	0.9889997211438843	8.5359920919e-05
57772.804763894535	0.9929738156244916	8.55344216028e-05
57772.825195568155	1.0001680306224134	8.58517115965e-05
57772.84562724177	0.9998070957179752	8.58614318355e-05
57772.90692225983	0.9998664182736045	8.58975136119e-05
57772.927353932064	0.9998911315171584	8.58944064049e-05
57772.94778560381	0.9998309452355024	8.58797373431e-05
57772.968217375215	1.0004252079041531	8.58791337473e-05
57772.988648946404	1.000069716947336	8.58555086583e-05
57773.00908071733	0.9998799466589512	8.58325162978e-05
57773.02951228805	1.000083842744397	8.58214335929e-05
57773.04994395842	1.0001278431675509	8.58010608233e-05
57773.070375728894	1.0001720833615106	8.57798309739e-05
57773.090807298664	0.9997856980088704	8.5768521728e-05
57773.11123896809	1.0001634885085773	8.57714555351e-05
57773.13167073716	0.999973529611548	8.57876996026e-05
57776.89109359636	1.0001149187464378	8.59154384374e-05
57776.91152531607	1.0004061312525725	8.59148977746e-05
57776.931956935674	1.0000538695304404	8.59029615449e-05
57776.95238845516	0.9998823420360204	8.59278070954e-05
57776.97282017394	0.9997239824793868	8.59437496253e-05
57776.993251793094	1.0002271334893658	8.59826787085e-05
57777.01368331164	0.999990196190576	8.60139622519e-05
57777.07497816579	1.0000050781457008	8.60113696719e-05
57777.095409883645	1.0000166358741427	8.60304335933e-05
57777.115841500934	1.0001650184043327	8.60240350086e-05
57777.13627301808	0.999908230880092	8.60013961511e-05
57777.156704735	0.9998840216998884	8.59950938172e-05
57777.17713635182	1.0001245264763718	8.59869533496e-05
57777.19756806828	0.9995870330397744	8.59298391239e-05
57777.2179995845	0.991402379548277	8.5585581331e-05
57777.23843120039	0.9886856655937868	8.54684425579e-05
57777.258862915915	0.9878239788261032	8.54550740905e-05
57777.27929443168	0.9877940219662112	8.54691348594e-05
57777.29972604662	0.9875821774648514	8.54987678223e-05
57777.32015776169	0.988858815351174	8.55989758512e-05
57777.340589376625	0.9938125725929948	8.58296692125e-05
57777.36102089099	1.000560349543938	8.6123949959e-05
57777.38145250549	0.9997211634890648	8.61343601092e-05
57777.40188411949	1.000065213968593	8.61886884582e-05
57777.422315733515	0.9998259458807393	8.62194423538e-05
57777.442747447174	0.9998499802736576	8.62559614804e-05
57777.46317896014	0.999788737603135	8.62741314722e-05
57777.48361057321	0.9999366096538678	8.63083726861e-05
57777.50404228643	1.0001555783984353	8.63390285478e-05
57777.58576863538	0.9999878938216936	8.59391448177e-05
57777.60620024707	1.000266438540338	8.59473355749e-05
57777.62663195889	1.0001044653140307	8.59387111534e-05
57777.64706346998	1.0002395393402008	8.59633209132e-05
57777.66749518085	0.999879656977404	8.5963041112e-05
57781.42690849769	0.9999907767431422	8.62928988332e-05
57781.50863478564	0.9999737562358072	8.62819667854e-05
57781.529066257186	0.999995333620029	8.62855807367e-05
57781.549497928485	1.0000955904200333	8.62927671983e-05
57781.56992949918	0.9997656368841032	8.62935873271e-05
57781.590360970236	1.000017771098227	8.63107363434e-05
57781.61079264104	0.9995541603262902	8.63026813821e-05
57781.631224211764	1.0000953349506396	8.63129937441e-05
57781.651655882124	0.9997296372785252	8.6305122529e-05
57781.67208735226	0.9999013285964394	8.63032222955e-05
57781.692518922035	0.9996004364469452	8.62843005044e-05
57781.712950491805	1.0003446837811978	8.62935173029e-05
57781.73338206159	0.9992186929175748	8.62222550577e-05
57781.753813630894	0.9901860124066532	8.58803834188e-05
57781.7742452002	0.9886374162757476	8.58106321397e-05
57781.794676769525	0.9872887409339876	8.57633109588e-05
57781.81510833837	0.9869466281883928	8.57332437645e-05
57781.83553990722	0.9874008234448532	8.57384073084e-05
57781.8559714756	0.9889767199571416	8.5775311828e-05
57781.876403043985	0.9949720786471022	8.59922012991e-05
57781.896834612366	1.000102565307846	8.61884636781e-05
57781.91726618027	1.000310414151914	8.61804733419e-05
57781.93769774818	1.0003043274762282	8.61789275526e-05
57781.95812941576	0.9999468426423148	8.61638684233e-05
57781.97856088309	1.0003096229973103	8.61954382135e-05
57781.998992450535	1.0001904231727987	8.61899531859e-05
57782.01942411765	1.0005419680300738	8.62228294687e-05
57782.0398555845	1.00037119932071	8.62363209424e-05
57782.060287251596	1.0000851683820844	8.62392417017e-05
57782.08071881811	0.9999611651907004	8.62418651756e-05
57782.101150284514	1.0001752310932364	8.62417320009e-05
57782.12158195069	0.9999203229251082	8.62461146122e-05
57782.14201351674	0.999916994292498	8.62650775548e-05
57782.162444982685	0.9998943582954396	8.62876016746e-05
57785.983145704486	1.0002042436982213	8.64426103548e-05
57786.003577342264	0.9999085300039248	8.6438681471e-05
57786.02400877979	1.0001352103712813	8.64544011578e-05
57786.04444031697	0.9998871728650556	8.64674408922e-05
57786.064871954266	1.0000409585982557	8.64810610875e-05
57786.085303391344	0.9998945144314269	8.64933524997e-05
57786.10573492806	1.0000601353654532	8.65120386905e-05
57795.01386841806	0.9999952194256646	8.70808383774e-05
57795.0342999273	1.0002191353427636	8.70647293691e-05
57795.054731536184	1.0002793396093252	8.70648471073e-05
57795.07516294532	1.000435388949265	8.70939457703e-05
57795.0955944541	1.0001868177805546	8.71355780473e-05
57795.11602606297	1.000334557842292	8.72417603421e-05
57795.13645757176	1.0001867100280468	8.73197392758e-05
57795.156888980884	0.9999110678485844	8.73699028698e-05
57795.19775209902	0.999819592965366	8.75385251768e-05
57795.27947813458	0.9998449798900227	8.72134100783e-05
57795.29990964337	1.0001079597695357	8.72418882695e-05
57795.32034115261	0.9999377044588448	8.72213344356e-05
57795.340772661366	0.9960131092573384	8.70615678922e-05
57795.36120417016	0.9889233328879726	8.67642060521e-05
57795.38163557928	0.9880599162707788	8.67000864102e-05
57795.40206718817	0.98755205412794	8.66761898202e-05
57795.422498697415	0.9871542284864075	8.66632612423e-05
57795.44293010607	0.9877606053143912	8.66545292407e-05
57795.50422473298	0.999718230178088	8.71842534424e-05
57795.52465624177	1.000044660751525	8.72121548219e-05
57795.545087751	0.9999255253331534	8.72164404687e-05
57795.56551935989	1.0000698555557197	8.72501919873e-05
57795.58595076901	1.0000758176330395	8.72607753261e-05
57795.60638227779	0.9998822841228608	8.72456553973e-05
57795.626813886694	1.0000275322974843	8.72163480526e-05
57795.64724539593	1.000022189720862	8.72011503426e-05
57795.66767680459	1.0001380066656522	8.71839227334e-05
57795.688108413946	0.9999506790925892	8.71754813342e-05
57795.74940294074	0.9994466819405148	8.71329512697e-05
57795.76983444998	1.0002930524898273	8.71709511688e-05
57795.79026595876	0.9998519097533148	8.71913794505e-05
57799.549664821476	0.9992805288218832	8.76178087521e-05
57799.57009633677	0.999940293731241	8.76004791136e-05
57799.59052795171	0.9998826849680996	8.75939309737e-05
57799.6109593669	1.0000214364894864	8.75732434379e-05
57799.672253912315	1.0000210725433027	8.76320538823e-05
57799.6926854276	1.0001497244006117	8.7668619245e-05
57799.71311704302	0.9999562049187528	8.7689520391e-05
57799.73354845865	1.0000315542064728	8.77088019244e-05
57799.75397997444	0.9999780139714732	8.77195534099e-05
57799.77441158984	1.0000867638327986	8.77161783834e-05
57799.79484300548	1.0002204428292427	8.76999419133e-05
57799.81527462091	1.0000082632070737	8.76745307525e-05
57799.835706136655	1.0001977921573957	8.76596062519e-05
57799.85613755278	1.000181959764129	8.76287663118e-05
57799.91743220063	0.9876539651016484	8.71382790217e-05
57799.937863716856	0.9876094945380164	8.71467210474e-05
57799.95829523261	0.9875721613819516	8.71493106024e-05
57799.978726748835	0.9885747218392053	8.72132660569e-05
57799.99915836519	0.990205851446694	8.73187822162e-05
57800.019589781754	0.9984112911161972	8.76581032087e-05
57800.04002129799	0.9996587229815812	8.77335140881e-05
57800.06045291433	1.0001439612308691	8.77698259059e-05
57800.080884330906	0.9998011834567344	8.77511926769e-05
57800.10131594772	1.0000109684520184	8.77306713554e-05
57800.1217474644	0.9997158603852152	8.77161397582e-05
57800.142178880975	0.999940863165944	8.76947550209e-05
57800.16261049779	0.9995326467797656	8.76526575301e-05
57800.18304191437	0.9996091036523806	8.76331008952e-05
57800.203473431524	1.0001884423793226	8.7625572677e-05
57800.22390504833	1.000429771037542	8.76222013775e-05
57800.24433646536	1.0001262318860151	8.76238467349e-05
57800.26476798253	1.000275051741668	8.76686199639e-05
57800.285199599806	0.9997706756274232	8.77005350138e-05
57800.30563101685	1.000702802460982	8.77989907069e-05
57800.326062634595	1.0002766780919716	8.7852854468e-05
57804.08546406777	0.9998773346713952	8.81144718237e-05
57804.10589560216	1.0000160581056297	8.80880748832e-05
57804.126327237114	1.0000394194198023	8.80905653335e-05
57804.14675867185	0.9998141120542252	8.8082292824e-05
57804.16719030681	1.0004486811325146	8.80953381896e-05
57804.18762184167	1.0003573291455532	8.81139910406e-05
57804.208053276874	1.0000878380427147	8.81554891241e-05
57804.22848491232	1.0000130716333	8.81682283489e-05
57804.248916448094	0.9996936511430388	8.82208667547e-05
57804.269347983405	1.0001467220200058	8.82981936043e-05
57804.2897795192	0.9997224068549472	8.83204176926e-05
57804.31021105498	0.9993584156043228	8.81307027492e-05
57804.330642491106	1.0001668986015757	8.81773801186e-05
57804.37150566326	1.000264912218512	8.81368038206e-05
57804.391937199514	0.9999180867304168	8.81255428828e-05
57804.41236873576	0.9945301689477152	8.7928671344e-05
57804.43280027248	0.9891555860042096	8.77526295886e-05
57804.45323190931	0.9881168399592962	8.77428037842e-05
57804.47366334591	0.9872842280401094	8.7804180278e-05
57804.49409488263	0.9868318589208288	8.78494434556e-05
57804.51452651992	0.9873485122184092	8.79187554475e-05
57804.57582113193	1.0002194896115737	8.82235250209e-05
57804.59625256945	0.9997608524002576	8.81877964179e-05
57804.616684206754	1.0000192220813713	8.8177569155e-05
57804.637115744874	0.9999265056347756	8.81615980833e-05
57804.65754718288	1.0002904715079275	8.81637778447e-05
57804.677978820626	1.000023491496581	8.81625415008e-05
57804.69841035874	0.9995608803555968	8.81853728974e-05
57804.718841797214	1.0002217181817017	8.82417570631e-05
57804.73927343591	1.0001083939356326	8.83110829721e-05
57804.759704974014	0.999830702553686	8.83781008083e-05
57804.820999590695	0.9998987285397966	8.8305445142e-05
57804.84143122985	1.0001731818273232	8.83150568328e-05
57804.86186266878	1.0001107017004334	8.82986770355e-05
57808.62126926053	0.9999583368535924	8.89208031892e-05
57808.64170082797	0.9997201422963587	8.88989123942e-05
57808.662132496014	1.0000188426728962	8.88871182893e-05
57808.6825639638	1.0000148074252784	8.88778676343e-05
57808.702995532185	0.9997282154363926	8.88417605858e-05
57808.7234272007	0.9995388423334252	8.88149142396e-05
57808.74385866941	0.9996629449372856	8.87921437216e-05
57808.7642902378	0.9999967199945938	8.87898920007e-05
57808.78472190677	0.9999245328618818	8.8799570549e-05
57808.80515347608	1.0003566442033154	8.88236166513e-05
57808.82558494527	0.999744280178009	8.88628589715e-05
57808.8460166147	1.0004294174207748	8.89406924824e-05
57808.866448184475	1.000174973436919	8.90243239945e-05
57808.88687975425	1.000228055334401	8.91138940748e-05
57808.90731132449	1.0002372985682737	8.91826428081e-05
57808.92774289474	0.9997241887470368	8.92433754884e-05
57809.00946927722	0.9870605961825446	8.84953507198e-05
57809.029900748275	0.9879212909693637	8.85422420873e-05
57809.05033231992	0.988621425770048	8.85658413403e-05
57809.0707638911	0.991913401934456	8.86869727982e-05
57809.09119546319	1.0000968075554748	8.89730818828e-05
57809.11162713497	0.999970558543664	8.89585801995e-05
57809.132058606956	0.9998574426246342	8.89281911689e-05
57809.15249017906	1.0002851590078172	8.89496634826e-05
57809.17292185175	1.0000606775200451	8.89331327207e-05
57809.234216569916	1.0001796186550551	8.89914571443e-05
57809.25464804331	0.9999335949247248	8.90016122003e-05
57809.27507961635	0.9998705982019926	8.90101915463e-05
57809.29551128997	0.99961002261807	8.90092632377e-05
57809.31594276382	1.0000470135025228	8.90551056517e-05
57809.336374437895	0.9999903522157176	8.9039644973e-05
57809.35680601188	0.999513868155972	8.90169801869e-05
57809.37723758631	1.0000138444990103	8.90161378227e-05
57809.39766916073	1.00014698998115	8.89901813951e-05
57813.15708325617	0.9998044290466636	8.98447165164e-05
57813.17751486972	1.0000875420587845	8.98282170406e-05
57813.197946384076	1.0002044506271786	8.98300079246e-05
57813.21837809868	0.9999401828280632	8.9804394685e-05
57813.23880971317	1.0001020604962827	8.97997786015e-05
57813.25924132811	0.9999713642692262	8.97950216896e-05
57813.27967294305	1.0005874360595193	8.97894080509e-05
57813.300104558475	1.0000490559831572	8.97605919065e-05
57813.32053617387	1.0001407072310475	8.97579244722e-05
57813.340967789765	0.9994650246905455	8.97620587085e-05
57813.4022627389	0.999781286501596	8.99246640646e-05
57813.42269425561	0.9999151094824108	8.992271932e-05
57813.44312597253	1.0004168967972689	8.99041804997e-05
57813.4635575898	0.9999265826077566	8.98764560837e-05
57813.48398910742	0.9910629591970792	8.95626619863e-05
57813.50442082528	0.98825444851736	8.94356358266e-05
57813.52485244302	0.9871477298155544	8.93928823425e-05
57813.54528396157	0.98720817807439	8.93790756137e-05
57813.5657156799	0.9870643861427724	8.93706831038e-05
57813.58614729857	0.9965921124769024	8.97447198196e-05
57813.606579017825	0.9923146643527396	8.95798252184e-05
57813.627010536846	1.0002198649947425	8.99986479754e-05
57813.64744215644	1.0001775069021308	8.99973573173e-05
57813.66787387618	1.0000032519277111	8.99848588756e-05
57813.68830539612	1.0004097626947406	9.00008232902e-05
57813.708737016175	0.9999714433627476	8.99699230861e-05
57813.729168736376	0.9999919941421148	8.99634111981e-05
57813.749600257244	0.999869574355578	8.9943175643e-05
57813.77003187826	0.99984802975836	8.99340275656e-05
57813.79046349925	0.9999544033491832	8.99371995711e-05
57813.810895120725	0.9998828017561352	8.99211475022e-05
57813.831326842315	1.0002021517951607	8.9920138227e-05
57813.851758364115	1.000365169760408	8.99180409537e-05
57813.89262170857	1.00024174783937	9.0079282142e-05
57813.913053331446	0.9998202899157312	9.00701358314e-05
57813.93348485416	0.9994438051802256	9.00454115052e-05
