time	flux	flux_err
56813.102678013034	1.0000769171333794	0.00010024266847480148
56813.12311034789	1.0000574039605103	0.0001002402354226427
56813.14354248298	1.000016112457856	0.00010023578688318176
56813.163974717725	1.0001300319283122	0.00010021474947904381
56813.18440705212	1.0001423743835012	0.00010024109979959503
56813.20483928546	1.0001237755694843	0.00010024115937764585
56813.22527141869	1.0000187944307042	0.00010022216108973765
56813.24570375169	1.000005746725984	0.00010023754855462292
56813.266135983635	1.0000859821597445	0.000100246485874119
56813.286568115465	0.9999270437225121	0.00010021754132707066
56813.3070004466	0.9999827368251546	0.00010022350612730958
56813.327432677615	0.9964396103684336	0.00010010102980504034
56813.34786480805	0.9937158424360675	0.00010002922923320082
56813.368297137786	0.9944422155682969	0.00010005344313365775
56813.388729367405	0.9935677500838702	0.00010002643703325154
56813.40916149644	0.9936159421647631	0.00010000954549505486
56813.42959382478	0.9945969810152211	0.00010004367715558663
56813.450026053004	0.9986069664043908	0.00010017902056245616
56813.470458280295	0.9999622962441181	0.00010023004308036074
56813.490890507586	0.9999824247213218	0.00010023252108471798
56813.51132273441	1.000001994532181	0.00010023330775012931
56813.53175506042	0.9998755530499208	0.00010023573698612113
56813.552187186666	0.9999438065379989	0.00010023000513306543
56813.57261941163	0.9997327281330732	0.00010022739141278145
56813.59305173624	0.9999351779461019	0.00010021972399821926
56813.61348386062	1.000098782170738	0.00010023416670346538
56813.633916084655	0.9999597458140372	0.00010023196387873836
56813.65434840834	0.9998950439771144	0.00010023370421060097
56813.67478053132	1.0000720746239184	0.0001002364590971871
56816.984795184806	0.9998130671159227	0.00010009998924354306
56817.00522743538	1.0000607749378556	0.00010011181775229792
56817.02565948479	0.9998943234612272	0.00010011128282213902
56817.04609163385	1.00007550236354	0.00010009490704494942
56817.066523883026	1.000072344697859	0.00010009728323459115
56817.08695593104	0.9999794051121136	0.00010010629476244634
56817.10738807917	1.000059643628935	0.00010012120718249009
56817.127820326015	1.0000622578691676	0.00010010763014305828
56817.148252373096	1.0000366338513427	0.00010012091342302107
56817.16868451983	1.0000970929345292	0.0001000972455466687
56817.18911676621	0.9998976316004491	0.00010009274281389453
56817.20954891201	0.9983745946297935	0.0001000405590529665
56817.22998095723	0.9977836329392122	0.00010002994938333665
56817.25041320175	0.9978600573216252	0.00010002637546948183
56817.27084534615	0.9978635801596051	0.00010002957459044128
56817.29127749009	0.9980424014067624	0.00010003517936145712
56817.31170963356	0.9978753794616303	0.00010001523209421496
56817.332141777035	0.9981778605576894	0.00010002426830366209
56817.35257401969	0.9996760525958396	0.00010006454638178575
56817.37300606212	1.0000330792977654	0.00010007515496920291
56817.39343810361	1.0001516255858456	0.0001000756792245891
56817.41387034487	1.0000877702143742	0.00010007177330123023
56817.43430248555	1.0000378232700746	0.00010009383278141058
56817.45473452611	1.0004652609678089	0.00010007177193367246
56817.47516676644	1.0001094608171854	0.00010010512656994081
56817.495598906185	1.0001311269866973	0.00010009988974426476
56817.51603094535	0.9999821945510272	0.0001000917739413998
56817.53646318428	0.9999915232549573	0.00010007744215903672
56817.55689532263	1.0000470875383316	0.00010008980123593827
56821.00992128346	1.0000331175518056	0.00010020220309280727
56821.03035325138	1.0001908696431623	0.00010021688903043266
56821.050785419066	1.0001528187373336	0.00010019726281617764
56821.07121748617	0.9999458894620243	0.00010019532931090633
56821.091649453156	1.000011988850235	0.00010020619608288204
56821.11208161898	0.9999896486562192	0.00010019964065127791
56821.1325135855	1.0000499964700467	0.0001002005221799717
56821.152945650276	0.9999598408098536	0.00010020229993572755
56821.173377815634	1.0001833254212338	0.00010037481255546284
56821.19380978029	0.999929027146989	0.00010020794861330128
56821.21424184507	0.9999682422360856	0.00010021033294157289
56821.23467400903	0.9994275558618406	0.00010018763355019911
56821.25510597229	0.9947947347046093	0.0001000441600922507
56821.27553803567	0.9933660116517647	0.00010000497596189028
56821.29597019823	0.9931609303319361	9.999572094364149e-05
56821.31640226068	0.9934076568508589	9.999422302577572e-05
56821.336834222544	0.9937136670331067	0.00010000504410192063
56821.35726638418	0.9954052853095249	0.00010009387158203058
56821.37769844523	0.9998987642082211	0.00010022481301661984
56821.39813040616	0.9999701079779189	0.00010021540440110356
56821.41856256593	0.9999286800337346	0.00010021180846876537
56821.43899462605	0.9997506311626436	0.00010021379703354361
56821.45942678582	0.9997434919860371	0.00010021152967386722
56821.47985874489	0.9998893253713566	0.00010022199669487419
56821.50029080361	0.9997102150069013	0.00010020522734657693
56821.52072296245	0.9999714693918196	0.00010024212327721879
56821.54115492012	0.9998673576244537	0.00010021643604468467
56821.561586977914	0.9999751192586785	0.00010023581803346444
56821.58201913489	0.9999894254399828	0.00010021958310713159
56821.60245109163	0.9999572128755161	0.00010023061917964722
56828.89667273639	1.0001126172526176	0.00010046808298929172
56828.91710466333	1.000031199608515	0.00010049977693580493
56828.93753649015	0.999949116162808	0.0001004816909223765
56828.95796851674	0.9996957323967803	0.00010049278022678627
56828.978400443215	0.9998752905057104	0.00010047656181875831
56828.998832269106	1.0001644963996872	0.00010050985653637081
56829.0192642943	1.0000774777117103	0.00010049594206483913
56829.03969621984	1.0001301613864972	0.00010049623490562868
56829.06012814492	1.0000410488099765	0.00010050332761336033
56829.08056006953	0.9999676691075836	0.00010049797345231622
56829.10099199321	0.999974348410821	0.00010048385017800117
56829.12142391736	0.9984337804962389	0.000100434725225369
56829.14185584104	0.9980624424841931	0.00010043393334714285
56829.16228776425	0.994824113808783	0.00010033776335269458
56829.182719687	0.9917392837974636	0.00010022137481654919
56829.20315160975	0.991350683802158	0.00010021475867815392
56829.22358353203	0.9911982423323636	0.00010020754608012846
56829.244015553966	0.9918627929426121	0.00010021127169259855
56829.264447375666	0.9941394093653759	0.00010028391978260367
56829.28487929702	0.9978518078040735	0.0001004029403824318
56829.30531131802	1.000138651208672	0.00010047704449784227
56829.32574313879	1.0000413340702765	0.00010047144016119226
56829.34617505921	0.9999865844104743	0.00010046953267129937
56829.36660707928	1.0000212627472747	0.00010045519250772138
56829.38703889912	1.0000420282920401	0.00010045259579140244
56829.40747081814	0.999963965259522	0.00010044552127845643
56829.427902837284	1.0000863664854658	0.0001004613458692792
56829.44833465619	0.9999611433446756	0.00010047499127965751
56829.46876657428	1.0000376152562085	0.00010045101030770199
56829.48919859249	1.000039647829746	0.00010046148148849579
56829.50963041	0.9999267836807018	0.00010044339365216847
56836.84467076743	0.9998741373267412	0.0001004995103177633
56836.86510268133	1.000011583249476	0.00010051505548281854
56836.885534395	0.9998504925034689	0.00010048782765083773
56836.90596620785	0.9998888730099915	0.00010049150263664172
56836.926398121286	0.9998147385210183	0.00010048608325129186
56836.94682983402	0.9999475610043073	0.00010051076125750377
56836.96726164641	0.9999470376584043	0.00010051625839877056
56836.98769355845	0.9999892195272891	0.00010049633256057835
56837.00812527072	0.9999739978906957	0.0001005112575896055
56837.02855718229	1.0001286293735916	0.00010051525758322444
56837.048988993745	0.9997328901446587	0.00010046744318834765
56837.069420705084	0.9995311324023513	0.00010049868555644072
56837.08985261619	0.995016265541339	0.00010034587807134846
56837.110284426715	0.9937774987515753	0.00010030581278617629
56837.13071623724	0.993776823502031	0.00010030617028504362
56837.151148047764	0.9934634427201784	0.00010031130318033711
56837.17157985736	0.9942716933765279	0.00010032352623621108
56837.192011667415	0.995734430340489	0.00010037758775810802
56837.21244347701	0.9998444678981839	0.00010049564990317364
56837.232875286136	0.9998413112300558	0.00010051562929194873
56837.253306995146	1.0001905220868927	0.00010052500469891375
56837.273738903925	1.0000797837054793	0.00010050149508750575
56837.29417071212	0.9999915253862175	0.00010052208307787785
56837.314602420665	1.0000361224031007	0.0001005157770742334
56837.33503432851	1.0000712209245388	0.00010051209277233082
56837.35546613624	1.0000571790178496	0.00010051514953470791
56837.375898043625	1.0001027489202499	0.0001005197711219047
56837.39632975124	1.0000335358907606	0.00010052035247137958
56837.41676155804	1.0000253581068483	0.00010052987357740228
56837.43719346495	1.0000873284163876	0.00010053291047038003
56840.808438926935	1.0000795390683312	0.00010073219628590295
56840.82887059543	1.000098898527159	0.00010071429813285706
56840.84930246323	0.9999627296309284	0.0001007123610336951
56840.8697341308	1.0000675809318202	0.00010073357298583945
56840.89016589848	0.9999360431111017	0.00010074435095132518
56840.91059776582	0.9999442518136918	0.00010072125361788261
56840.931029433385	1.0001342583876818	0.00010074832543289408
56840.95146120014	1.0000277783808946	0.00010075191379464313
56840.971893067006	0.9999826283705238	0.00010073759289938412
56840.99232473364	0.9998391614950519	0.00010074388601082322
56841.01275649993	0.9996795859696652	0.00010072556408713304
56841.033188365865	0.9983080293533053	0.00010069369512129606
56841.053620131686	0.9978522667209686	0.00010069068057348673
56841.074051797856	0.9976643389096833	0.0001006651036035104
56841.09448366333	0.9975982335450551	0.0001006612619183585
56841.11491542822	0.997715204826398	0.00010068670409634086
56841.13534719311	0.9978557736450535	0.00010068912455575382
56841.155778958	0.9984152418772319	0.00010070255003900963
56841.176210722886	0.9999783116530712	0.00010074987380907495
56841.19664258743	1.000085279470529	0.00010075708253265317
56841.21707425127	1.000035355747878	0.00010072502586780071
56841.23750601569	0.9999872810657844	0.00010073550740674068
56841.2579378793	1.0000300026006244	0.00010074302069839632
56841.27836954314	1.0000724636376215	0.00010074786221981711
56841.29880130617	1.0000806735822154	0.0001007708330430791
56841.31923316931	1.000112828033655	0.00010076430376494977
56841.33966483222	1.0000774737537004	0.00010077089863534489
56841.36009659525	1.0001403605884687	0.00010075879787939963
56841.38052845746	1.0000637864982158	0.00010076274216998692
56844.772198881954	0.9998683216959305	0.00010086324176052153
56844.79263061192	0.9999946718610371	0.00010085629576531797
56844.81306224223	0.9998740446406369	0.00010086817032281012
56844.833494072314	1.000017521825455	0.00010087748746891527
56844.85392580181	1.0000188570961461	0.00010086735709803878
56844.87435753131	1.0000072171843786	0.00010084550894640318
56844.89478926081	1.0000510333372534	0.00010084345118358664
56844.91522099031	1.000054191549515	0.00010084580438940091
56844.93565281946	1.0001210596130798	0.00010086671819697737
56844.95608444791	0.9999762247124491	0.00010086885202486526
56844.97651617695	1.000099421485713	0.00010085388800432133
56844.996948005166	0.9981434751146989	0.00010078842740872445
56845.017379733734	0.9943920668952018	0.00010069855113596199
56845.03781136172	0.9934862853111954	0.00010069696353248076
56845.05824318994	0.9933635735996946	0.00010068576082663337
56845.07867481792	0.993425896337362	0.00010067370210777566
56845.099106545094	0.9938796802729571	0.00010068589353129209
56845.11953837285	0.9965668876371647	0.00010076527134064719
56845.13997000037	0.9998758027464509	0.00010089755864317418
56845.16040172754	1.0000943453988977	0.00010089529179863265
56845.18083355436	1.0000219566691477	0.0001008828631629659
56845.20126518095	1.0001967753412508	0.00010089739556501711
56845.221696907654	1.0000092135729644	0.0001008972255057548
56845.24212873401	1.0000753594805276	0.00010089807125622138
56845.2625603606	1.0002692830736302	0.00010090065770600252
56845.28299218649	1.0001156556871131	0.00010088547748100116
56845.303423912264	0.9998423875006661	0.00010088449332274
56845.32385553839	0.9999724918231729	0.00010090592585152388
56845.34428736381	1.0000019187690459	0.00010089441555045201
56852.69970068196	0.9998118425012491	0.00010099466330654416
56852.720132259186	0.9999728254651475	0.00010102282530171814
56852.740563936066	1.0001001302019779	0.00010096595685668383
56852.76099571353	1.0000999825828893	0.0001009943219883186
56852.78142739041	1.0000075336997198	0.00010098995613689837
56852.80185896717	0.9999120136057439	0.00010099095023104639
56852.82229074417	1.0000115708279442	0.0001009931644634012
56852.842722421046	0.9999574853467358	0.00010100104137681077
56852.86315409746	1.0000018156200836	0.0001010046964376464
56852.883585773874	1.0002032252128363	0.00010100077267301135
56852.90401735064	1.0001594789044606	0.00010100664415895707
56852.9244491267	0.9955854269920614	0.00010087111076554407
56852.944880803116	0.9927316775726649	0.00010077292146340457
56852.96531237941	0.99099676721432	0.00010072794403653402
56852.98574415548	0.9912330464650061	0.00010073305290744854
56853.006175831426	0.9913323489477045	0.00010071908514002963
56853.02660740726	0.9924623579054777	0.00010077228358429365
56853.04703918286	0.996895969708861	0.00010090771159075434
56853.067470858805	0.9987019791476406	0.00010096135190628236
56853.08790243417	1.000152536470409	0.00010098990219367016
56853.10833420977	0.9999495926335072	0.00010099710131517986
56853.12876588525	1.0000305273859609	0.00010099986291151442
56853.14919766039	0.9999599287354345	0.0001009939848222957
56853.16962923575	1.0000451484615505	0.00010099336871712168
56853.19006091077	1.0000479679954153	0.00010099254342418113
56853.2104926859	0.999926642114932	0.00010099672142589246
56853.2309242608	0.9998672132541652	0.00010102026046712166
56853.25135593582	1.0001318477862666	0.00010100736734452682
56853.27178771049	1.0000703673577016	0.0001010055721786833
56853.29221938504	1.0001204136923385	0.00010100980209837463
56860.606756368186	0.9997856939003203	0.00010154922821183275
56860.627187923994	1.0000516498729315	0.00010153212239197304
56860.647619679105	0.999991977648013	0.00010153231066157865
56860.668051334564	0.9999331048067128	0.0001015358459672123
56860.688482889906	0.9998976754564037	0.00010152881635822597
56860.708914645016	0.9998930527474632	0.000101531640607029
56860.729346300475	0.9999754707226701	0.00010151875504405579
56860.74977785582	0.9998874789270585	0.00010153014041254278
56860.77020961093	1.0000587474608154	0.00010153005436010298
56860.79064126639	0.99999138936684	0.00010152920892640635
56860.8110730215	0.9999641176926048	0.00010151478502374362
56860.83150457684	0.999134511861679	0.00010154797934205039
56860.8519362323	0.9947975588013137	0.00010140420921175715
56860.87236798741	0.99358665063116	0.00010134803266308587
56860.892799542286	0.9932463159033085	0.00010134942950570941
56860.913231197745	0.9932629239476165	0.00010134240753853168
56860.933662952855	0.9941210064685908	0.00010137315562108144
56860.9540945082	0.995681838648424	0.00010142383459239822
56860.97452616319	0.9999559209168929	0.00010156174013225305
56860.9949579183	0.9999593480554207	0.00010156721204645399
56861.015389573295	1.0000119937885383	0.00010155866275625067
56861.035821228754	1.0000211528078595	0.00010157161157216621
56861.05625288375	0.9999961549084119	0.00010156034707815152
56861.07668453874	0.9999120309246187	0.00010156439081525352
56861.097116193734	0.9999435860589408	0.00010155825036757339
56861.11754784873	0.9999766258186469	0.00010155093501343136
56861.13797950372	1.0000149207232485	0.00010154915425374794
56861.15841115918	1.000067757059227	0.0001015529083796753
56861.17884281417	1.0001258050152364	0.00010156219677744201
56861.19927446917	0.9999952312270902	0.00010155663384727865
56864.611361770425	1.0000286493539863	0.00010176461607052558
56864.631793426815	0.9999644806441803	0.00010176498536186995
56864.65222498309	0.9999862563331846	0.00010177191217905298
56864.67265673913	1.000048719891477	0.00010178843618146963
56864.69308839552	1.000106783955777	0.00010179688008758354
56864.733951707836	0.9999703336917621	0.00010177715259913908
56864.75438336423	1.0000945552863134	0.00010180486840667356
56864.774815120734	1.0000100760111854	0.00010176734315807962
56864.79524667701	0.9997814295895795	0.00010176263367040771
56864.8156783334	0.9997640397096521	0.00010176246244951433
56864.836110089906	0.9988224349486906	0.00010174681473189877
56864.85654164618	0.9979863057862115	0.00010172691271419823
56864.87697340269	0.9977394402739271	0.00010172662203456282
56864.89740505908	0.9974802584379301	0.00010171444899892739
56864.917836615816	0.9974392533501039	0.00010170957987193717
56864.93826837232	0.9978356510177063	0.00010172062912533696
56864.958700028714	0.9979376887466834	0.00010173918641477421
56864.97913158545	0.9990168207417185	0.0001017928317868545
56864.99956334196	0.9996561288725596	0.00010178961562087255
56865.01999499882	1.0000544243932	0.00010178166737652548
56865.04042665567	0.9999355833200682	0.00010179375912013297
56865.06085831206	1.0000485977237252	0.00010178756224060633
56865.08128996892	1.0000966344398121	0.00010181376822867568
56865.10172172589	0.9999982018302364	0.00010179099483710412
56865.12215328263	0.9998498739273453	0.00010181555871447237
56865.14258493949	1.0000936227826656	0.00010180997597472035
56865.16301669646	1.0003243303074774	0.00010183366709536189
56865.1834482532	0.9998654613412197	0.00010182348781501836
56865.203879910056	0.9999785239480674	0.00010181954815413125
56868.534241541754	1.0000950004843228	0.00010224966256034218
56868.55467320653	0.9999887636902995	0.00010225957505776086
56868.57510477118	1.0000258710645729	0.00010226811488779052
56868.59553653607	1.0000440888035869	0.00010224978779462752
56868.615968200844	0.9999539397060095	0.00010227270994468996
56868.636399765965	1.0000975038056157	0.00010227312632205755
56868.656831530854	1.0000334352798883	0.00010227681564114543
56868.677263095975	0.9999524782867597	0.00010227542237567108
56868.697694860864	1.0000647637474787	0.00010226486853093594
56868.7181265261	0.9998233837848223	0.00010228206385995397
56868.73855809122	0.9998567677466368	0.00010228709641729886
56868.75898985658	0.9974160400515606	0.00010221188326547632
56868.77942152182	0.9941433754228892	0.00010210332173365882
56868.79985318752	0.9932972190340632	0.00010208359370525857
56868.82028485276	0.9931122690595349	0.0001020933126103921
56868.84071651846	0.9933882414444282	0.00010208320748055026
56868.86114828382	0.9940422466915673	0.00010208657992926327
56868.88157984987	0.9973887384396816	0.00010219155532009632
56868.90201151557	0.9996740108433146	0.00010227219036123461
56868.92244328139	1.0000554481751083	0.0001023235332302954
56868.9428749471	0.9999732724706074	0.00010228952748226492
56868.96330651315	0.9998530334038644	0.00010230921789910985
56868.983738279436	1.000051316125416	0.00010231319946757083
56869.00416994514	0.999863825764558	0.00010232986724986548
56869.02460151166	0.9999696031184826	0.00010231070712462225
56869.045033277944	0.9999580102555459	0.00010230070576840217
56869.06546494411	0.9999703066428767	0.00010232245440707867
56869.0858967104	0.9997378583288499	0.00010228904236070503
56869.10632827692	0.9997713397582544	0.00010230791462021349
56876.44130472792	0.9997963348871051	0.00010282737850406966
56876.46173633309	0.9997582798170574	0.00010280707563704896
56876.48216813803	0.999917785537437	0.00010283672788752051
56876.50259984285	0.999806808088394	0.00010283096698131909
56876.52303144848	0.9998799740467101	0.00010281670367733866
56876.54346325388	0.9997683685313685	0.0001028133582351296
56876.56389495917	0.999595258972209	0.0001028252869601763
56876.584326565266	0.9997446783879647	0.00010282722897732378
56876.60475837067	0.9996328941429398	0.00010281738569375443
56876.625190076884	0.9995057405980294	0.00010283596011322323
56876.64562188322	0.9996557220706527	0.00010285195189212263
56876.666053489316	0.9993802697607633	0.00010281976761294358
56876.686485196	0.99495295262043	0.00010271331492700047
56876.706916902214	0.9934488665153142	0.00010265481003528606
56876.72734860936	0.9930114122336693	0.00010265037140790214
56876.74778021593	0.9921978711850531	0.00010261457440670577
56876.76821202319	0.9918661779971271	0.00010261169696866132
56876.78864373034	0.9922849263379429	0.00010263361985634281
56876.80907533737	0.996790930465359	0.00010276031177685906
56876.8295071451	0.997860526804776	0.00010277273670276948
56876.84993885271	0.9974702011848156	0.00010276641486482655
56876.87037066044	0.9979334735982371	0.00010277927433445369
56876.890802268405	0.9995154827657087	0.00010284898195465023
56876.91123397648	0.9998497952749672	0.00010285798737875842
56876.93166578468	0.9998483459761559	0.00010286336978537423
56876.95209739311	0.9998519373020838	0.00010285353159982617
56876.97252910165	1.0000545656355162	0.00010288517897068471
56876.99296091031	0.9999246958172384	0.00010287112664300371
56877.01339261886	1.0000150310091165	0.00010285367353343524
56877.03382432787	0.99987894132776	0.00010287012909251356
56877.05425603688	1.000039628233812	0.00010288326728660824
56877.07468774635	0.9999588376268337	0.00010286788650641105
56877.09511945583	0.9999135520090616	0.00010288670006511425
56884.36882115062	0.9999426263593939	0.00010395463388573747
56884.38925282657	0.9999337451542375	0.00010393389989699054
56884.40968460264	0.9999102462410905	0.00010394646284074899
56884.43011647882	0.9998640989953328	0.00010395695550669497
56884.45054815523	0.9999782606717	0.00010395350363884941
56884.470979931764	0.999938701095585	0.00010396690793814406
56884.49141180841	1.000021230602049	0.00010396370366581688
56884.511843585875	1.0000623617408173	0.00010396231380544684
56884.53227526322	1.0000167839077774	0.00010396372736620007
56884.552707140334	0.9999729377663348	0.0001039425047820984
56884.57313891826	0.9998878559899759	0.00010396134195089207
56884.59357069619	0.9984870013918331	0.00010392600755269529
56884.614002474584	0.994617451438329	0.00010382193634731358
56884.63443425298	0.9935397081938139	0.00010379911774843169
56884.65486603137	0.9932393739468256	0.0001037922962659047
56884.67529781023	0.9939108059205983	0.0001038152188228344
56884.695729589555	0.9938399872642366	0.00010381686178032562
56884.71616136888	0.9966059722262219	0.00010389115839740455
56884.736593148205	1.0001381566110368	0.0001039862020161488
56884.75702502811	1.0000758355486892	0.00010397691079458872
56884.77745670825	1.0001729005596633	0.00010401054311155615
56884.79788848804	1.0001595171799091	0.00010398322276976362
56884.81832036888	1.0002956714692433	0.00010399175747290813
56884.83875204949	0.9999836203961844	0.00010398218499945519
56884.85918383021	1.0000390874553982	0.00010403618170135461
56884.879615711514	1.000111714734898	0.00010401404475264653
56884.900047392584	1.000048607753983	0.00010401393607402535
56884.920479274355	1.0002120383005282	0.00010401850588234454
56884.94091105601	1.0000202526213036	0.00010402740878450154
56888.4347501453	1.0000435391914908	0.00010465029071339285
56888.45518206898	1.000001982773213	0.00010466412966071997
56888.47561389301	1.0000760723068458	0.00010466302491829266
56888.496045717504	0.9999178151682704	0.00010467399041396344
56888.516477542	0.9999550159764269	0.000104650913064203
56888.53690936649	1.0000298862930799	0.00010467227170896729
56888.55734129157	0.9999687078945346	0.000104694646041392
56888.57777301688	0.9999696182723379	0.00010468558299059329
56888.5982048423	0.9999875744631428	0.00010469287947598076
56888.61863676831	1.0000968689309926	0.00010470462082329261
56888.63906849455	0.9994933610176446	0.0001046749420293024
56888.65950032091	0.9979765080431634	0.00010464083082577211
56888.67993224738	0.9979251425945109	0.0001046397846924463
56888.70036397409	0.9978086513933712	0.00010462623643027104
56888.72079590149	0.9976594950057633	0.00010466015328802553
56888.74122762866	0.9980621913017024	0.00010465815752314474
56888.76165945642	0.9979485297211612	0.00010466823393629972
56888.78209138429	0.99846625536886	0.0001047098351557803
56888.80252311239	1.00018084105661	0.00010474446837674962
56888.822954941075	1.0003044583731773	0.00010474841773071171
56888.84338686941	1.0001554750512833	0.00010475179364999318
56888.86381859891	1.0000566825150174	0.00010474798922529657
56888.88425052771	0.9999519876859744	0.00010475029446116004
56888.90468235733	1.0002343254057042	0.00010477772838803338
56888.925114186946	1.0001224839539316	0.00010477293822610226
56888.94554601703	1.0001903735060955	0.00010477411374611777
56888.965977847576	0.9999954739032939	0.00010476447903576588
56888.986409678124	1.000065476615193	0.00010477171312356811
56889.00684150867	0.9999612272770522	0.00010476963333677721
