2457399.75361621 1.003968 0.001386
2457399.75515215 1.008231 0.001392
2457399.75668798 1.003136 0.001385
2457399.75822392 1.002398 0.001384
2457399.75976006 1.001014 0.001382
2457399.76129750 1.003321 0.001385
2457399.76283724 1.002305 0.001384
2457399.76437678 1.000184 0.001381
2457399.76591402 1.005264 0.001295
2457399.76745016 1.006746 0.001297
2457400.81968964 0.997241 0.001469
2457400.82274861 1.000092 0.001381
2457400.82427805 0.999632 0.001288
2457400.82580659 1.002028 0.001291
2457400.82737813 1.000645 0.001289
2457400.82890757 1.001659 0.001291
2457400.83043650 1.002121 0.001476
2457400.83196704 1.002121 0.001384
2457400.83349638 0.998619 0.001654
2457401.75564184 0.996965 0.001010
2457401.75932357 1.001106 0.001014
2457401.76116364 0.999908 0.001013
2457401.76300500 0.999355 0.001012
2457401.76484547 0.999632 0.001012
2457401.76669754 0.997700 0.001010
2457401.77037637 1.001844 0.001014
2457401.81762560 0.999448 0.001196
2457401.81915673 0.999171 0.001196
2457401.82068607 0.998895 0.001195
2457401.82221540 0.999540 0.001196
2457401.82374444 0.997884 0.001194
2457401.82527418 0.999724 0.001196
2457401.82681091 0.999171 0.001196
2457401.82833955 1.003044 0.001200
2457401.82986948 1.000000 0.001197
2457402.78442795 0.998895 0.001012
2457402.78810938 1.000461 0.001013
2457402.78994894 0.998344 0.001011
2457402.79180540 0.998160 0.001011
2457402.79364427 0.999263 0.001012
2457402.79549003 0.999263 0.001012
2457402.79732860 0.997792 0.001010
2457402.81584254 0.998068 0.001194
2457402.81737097 0.998527 0.001195
2457402.81890031 0.998987 0.001195
2457402.82042964 0.998527 0.001195
2457402.82195898 0.999540 0.001196
2457402.82348861 0.997057 0.001193
2457402.82501805 0.998711 0.001195
2457402.82654688 0.997241 0.001193
2457402.82807912 0.999540 0.001196
2457402.82960805 0.999540 0.001196
2457403.78168135 0.993116 0.001006
2457403.78353131 0.994947 0.001008
2457403.78537167 0.995680 0.001008
2457403.78721823 0.994397 0.001007
2457403.78905880 0.994489 0.001007
2457403.79090156 0.994031 0.001007
2457403.79457849 0.995497 0.001008
2457403.79642925 0.994306 0.001007
2457404.77476999 0.997884 0.001010
2457404.77661245 0.994947 0.001008
2457404.77846041 0.995680 0.001008
2457404.78029847 0.996139 0.001009
2457404.78213963 0.996506 0.001009
2457404.78583836 0.994764 0.001007
2457404.78951608 0.995497 0.001008
2457404.79135404 0.996598 0.001009
2457405.76182090 0.998160 0.001011
2457405.76365906 0.997700 0.001010
2457405.76549892 0.998068 0.001011
2457405.76736058 0.999724 0.001012
2457405.76919854 0.996965 0.001010
2457405.77103830 0.998895 0.001012
2457405.77287616 0.997424 0.001010
2457405.77471501 0.996690 0.001009
2457405.77656637 0.998527 0.001011
2457405.77840663 0.996506 0.001009
2457405.80214724 0.999355 0.001288
2457405.80367617 1.001290 0.001290
2457405.80520510 1.002767 0.001292
2457405.80673733 1.003598 0.001293
2457405.80826657 1.000829 0.001290
2457405.80979580 1.000368 0.001289
2457405.81132462 1.000000 0.001289
2457405.81285375 1.000553 0.001289
2457405.81438399 1.000461 0.001289
2457405.81591862 1.001567 0.001291
2457406.78011406 0.999263 0.001288
2457406.78164809 0.999263 0.001288
2457406.78318142 0.998895 0.001287
2457406.78471775 0.999355 0.001288
2457418.75510283 1.005264 0.001110
2457418.75694496 1.005819 0.001111
2457418.75878629 1.003691 0.001109
2457418.76062992 1.003968 0.001109
2457418.76247316 1.004431 0.001110
2457418.76431379 1.004431 0.001110
2457418.76615462 1.003876 0.001109
2457418.76799476 1.003783 0.001109
2457418.76983519 1.004523 0.001110
2457418.77167702 1.002305 0.001107
2457420.83510895 0.994581 0.001099
2457420.83695087 0.993025 0.001097
2457420.83879120 0.997241 0.001102
2457420.84063123 0.993116 0.001097
2457420.84247195 0.998619 0.001103
2457420.84432208 0.993482 0.001097
2457420.84616181 0.994214 0.001098
2457420.84800293 0.994855 0.001099
2457420.84984536 0.993757 0.001098
2457420.85168879 0.996231 0.001100
2457421.75528012 0.997333 0.001010
2457421.75712235 0.996782 0.001009
2457421.75896727 0.997884 0.001010
2457421.76080820 0.996231 0.001009
2457421.76265193 0.996506 0.001009
2457421.76449335 0.995405 0.001008
2457421.76633708 0.996782 0.001009
2457421.76817900 0.995405 0.001008
2457421.77001893 0.997516 0.001010
2457421.77186276 0.995497 0.001008
2457423.75543389 1.000368 0.001013
2457423.75727391 1.000000 0.001013
2457423.75912103 0.999263 0.001012
2457423.76096535 0.996598 0.001009
2457423.76280638 0.998987 0.001012
2457423.76465070 0.998895 0.001012
2457423.76649022 0.999355 0.001012
2457423.76833404 0.999448 0.001012
2457423.77018036 0.997884 0.001010
2457423.77202098 1.000461 0.001013
2457425.83560603 1.001198 0.001014
2457425.83744834 1.001198 0.001014
2457425.83929336 1.001475 0.001014
2457425.84113467 1.000276 0.001013
2457425.84482080 1.002490 0.001015
2457425.84666482 1.002398 0.001015
2457425.84850683 1.000461 0.001013
2457425.85034634 0.999448 0.001012
2457425.85218716 1.000829 0.001013
2457426.75586677 1.006653 0.001390
2457426.75774478 1.002582 0.001384
2457426.76145691 1.002490 0.001200
2457426.76334353 1.002490 0.001200
2457426.76523155 1.003691 0.001386
2457426.76708786 1.006283 0.001389
2457426.76897657 1.004523 0.001479
2457426.77084369 1.001844 0.001660
2457426.77271760 1.004893 0.001665
2457427.85949384 0.995680 0.001008
2457427.86317816 0.994855 0.001007
2457427.86503177 0.995956 0.001009
2457427.86687288 0.997057 0.001010
2457427.86872759 0.995680 0.001008
2457427.87057019 0.995405 0.001008
2457427.87242150 0.993116 0.001006
2457427.87426751 0.993940 0.001006
2457427.87611362 0.991380 0.001004
2457428.79737286 0.999724 0.001012
2457428.79922607 0.998435 0.001011
2457428.80106577 0.998711 0.001011
2457428.80290688 0.997424 0.001010
2457428.80474619 0.998068 0.001011
2457428.80659290 0.999632 0.001012
2457428.80844690 0.997516 0.001010
2457428.81029101 0.998252 0.001011
2457428.81213372 0.998619 0.001011
2457428.81397532 0.999448 0.001012
2457429.84187232 1.001383 0.001014
2457429.84371342 1.002767 0.001015
2457429.84555362 1.002121 0.001015
2457429.84739473 1.000000 0.001013
2457429.84923953 1.000461 0.001013
2457429.85109154 1.000553 0.001013
2457429.85293124 1.000276 0.001013
2457429.85477374 1.000368 0.001105
2457429.85661635 1.000829 0.001013
2457429.85845915 1.001659 0.001014
2457431.80377980 1.000000 0.001013
2457431.80562050 1.000092 0.001013
2457431.80746219 0.997149 0.001010
2457431.80930479 1.000368 0.001013
2457431.81115089 0.998160 0.001011
2457431.81299579 1.000276 0.001013
2457431.81484819 0.999908 0.001013
2457431.81668859 0.999263 0.001012
2457431.81853269 1.001475 0.001014
2457431.82037669 0.997792 0.001010
2457432.85048438 1.002305 0.001015
2457432.85232738 1.000461 0.001013
2457432.85416877 1.000461 0.001013
2457432.85600967 0.999724 0.001012
2457432.85785106 1.002767 0.001015
2457432.85969276 0.998803 0.001011
2457432.86153395 1.003968 0.001017
2457432.86337895 1.002398 0.001015
2457432.86522214 0.998344 0.001011
2457432.86706664 1.002490 0.001015
2457433.84550331 1.006190 0.000926
2457433.84737890 1.006932 0.000927
2457433.84924229 1.004616 0.000925
2457433.85113769 1.006932 0.000927
2457433.85300898 1.005819 0.000926
2457433.85488248 1.006375 0.000926
2457433.85675247 1.005819 0.000926
2457433.85861056 1.006097 0.000926
2457433.86047606 1.008138 0.000928
2457433.86233785 1.005079 0.000925
2457434.84284012 1.005449 0.001018
2457434.84468221 1.007210 0.001020
2457434.84652120 1.008417 0.001021
2457434.84836529 1.006561 0.001019
2457434.85020878 1.009997 0.001023
2457434.85204907 1.008231 0.001021
2457434.85388906 1.007210 0.001020
2457434.85572885 1.007767 0.001020
2457434.85757864 1.007488 0.001020
2457434.85941953 1.009718 0.001022
2457435.82936660 1.004616 0.001017
2457435.83120769 1.003321 0.001016
2457435.83304897 1.003691 0.001016
2457435.83488826 1.006561 0.001019
2457435.83672854 1.005079 0.001018
2457435.83857403 1.004246 0.001017
2457435.84041552 1.005727 0.001018
2457435.84225520 1.004893 0.001018
2457435.84409899 1.003968 0.001017
2457435.84594158 1.003598 0.001016
2457436.75620981 1.001844 0.001014
2457436.75805210 1.000461 0.001013
2457436.75989729 1.002398 0.001015
2457436.76174087 1.000645 0.001013
2457436.76358416 1.000829 0.001013
2457436.76542444 1.000829 0.001013
2457436.76726473 1.001014 0.001014
2457436.76910751 1.000645 0.001013
2457436.77095070 0.998895 0.001012
2457436.77278988 1.002490 0.001015
