      JJ              R7        R6       R9         R1        R5        R4       EPIC       R2        R3         E7        E6        E9        E1        E5        E4        K2        E2        E3
 2457098.42290997  264218.9  891525.9 2628265.2  148076.9  161806.4  189874.9  481066.3  283985.2  226312.3     662.0    1050.6    1788.3     564.0     577.8     607.4     821.2     663.7     627.8
 2457098.43604257  265383.1  890328.8 2626201.2  147896.9  161697.1  188990.0  480662.0  283377.6  225263.6     660.8    1061.9    1788.0     553.2     579.9     598.5     814.4     669.7     633.4
 2457098.43968117  260422.2  869459.5 2571196.8  146045.3  158739.2  186527.6  473065.1  278546.7  221455.4     665.9    1059.7    1753.3     559.6     576.0     595.4     809.9     678.0     620.4
 2457098.44136845  264865.6  893123.6 2625994.2  148413.0  160599.0  189722.5  482930.1  285307.4  225766.2     660.8    1057.4    1782.6     559.5     573.3     601.4     807.6     670.8     625.9
 2457098.44305826  266396.6  888482.4 2633241.2  149884.8  161167.8  190893.1  482651.7  283466.6  226701.2     652.5    1048.7    1792.1     555.0     572.8     605.3     812.0     675.1     627.5
 2457098.44474808  269173.1  908854.7 2675817.5  151045.6  162828.2  193877.9  490893.7  289297.1  230025.3     653.9    1059.4    1779.5     568.8     571.3     593.8     814.6     664.5     618.0
 2457098.44643789  270765.7  907702.6 2673768.2  150718.1  162831.1  193686.8  490525.2  290324.4  231077.6     654.1    1054.8    1786.1     571.4     565.8     597.6     817.0     673.1     634.6
 2457098.44812771  271655.3  912876.6 2684613.0  152792.9  164727.4  195809.2  494665.4  290774.2  232210.6     664.7    1060.8    1771.0     555.6     572.0     600.5     819.6     682.9     635.3
 2457098.44981752  268270.5  906732.7 2673476.0  150929.8  163429.7  194185.1  490759.1  288569.5  230222.4     667.8    1063.1    1785.5     566.1     570.8     589.8     811.4     670.2     629.7
 2457098.45150734  266804.6  900352.9 2653609.5  150561.8  162199.2  192381.1  488294.5  288777.4  229095.8     662.1    1066.2    1779.7     556.9     565.7     597.4     814.6     679.2     624.4
 2457098.45319715  270812.9  909512.1 2678943.8  151521.9  165172.0  194097.0  493497.4  289373.0  231729.0     672.2    1058.7    1767.1     559.3     568.2     594.6     810.5     672.4     617.3
 2457098.45488697  272034.5  918842.1 2693837.8  151722.2  166153.4  196566.1  495973.2  292604.7  231710.8     655.0    1058.0    1775.3     569.7     575.8     603.0     814.8     662.7     622.2
 2457098.45657678  272822.0  921508.9 2701888.5  153356.6  166416.4  196316.1  495869.1  293370.0  232128.0     663.5    1061.6    1772.1     559.9     560.6     588.7     815.9     677.9     620.5
 2457098.45826660  272838.6  917465.6 2702067.2  151876.0  165936.0  195935.0  497193.8  291611.7  231587.1     663.8    1056.8    1790.9     565.3     572.0     588.4     807.0     664.3     617.5
 2457098.45995641  271298.6  918421.9 2701256.8  152433.1  165353.9  195502.2  494651.2  291120.3  231481.8     665.7    1052.7    1774.9     550.6     570.1     602.3     814.7     668.0     625.4
 2457098.46164623  268861.3  909653.8 2677521.8  150333.3  163386.3  193918.8  488503.9  289755.4  230473.7     658.2    1056.7    1785.9     539.7     564.1     597.7     801.5     675.6     619.5
 2457098.46333604  268535.0  898327.3 2659727.5  150492.8  162034.8  192465.6  486228.1  289139.1  228577.1     652.9    1048.9    1767.5     559.2     566.4     600.7     810.5     663.3     630.2
 2457098.46502586  271370.8  908807.9 2689863.8  151357.4  165482.4  194232.0  492521.5  290172.4  230701.3     651.8    1069.3    1789.8     548.7     573.0     601.5     818.6     667.1     628.1
 2457098.46671567  271646.6  917067.8 2696768.2  152839.5  165250.3  196464.9  493799.2  291209.0  231261.4     654.4    1059.5    1787.2     568.2     562.5     596.4     822.5     663.0     620.0
 2457098.46840549  270574.5  908757.8 2684039.8  151147.9  164093.2  194686.8  489933.7  290595.7  231460.6     657.8    1051.0    1789.3     560.8     565.5     584.8     816.4     668.8     620.7
 2457098.47009530  273498.6  917457.9 2699326.0  152911.2  166299.3  195037.6  494456.4  291848.8  232903.6     653.7    1050.8    1787.2     559.4     568.1     589.5     814.3     671.2     626.5
 2457098.47178512  272731.3  919049.6 2703409.8  152993.3  165759.4  195067.4  493724.9  292067.9  233368.9     650.3    1062.7    1780.6     556.4     567.9     599.0     812.0     669.4     626.0
 2457098.47347493  273414.2  923913.8 2719728.5  153977.6  165542.6  198342.5  497819.5  294232.1  234590.0     646.8    1061.3    1791.7     554.6     564.5     591.3     818.2     668.1     612.0
 2457098.47671387  271907.6  917803.7 2713248.8  153300.8  167608.2  196934.4  493537.0  293099.8  232441.8     661.5    1065.4    1796.5     556.7     568.8     591.3     821.1     664.4     619.2
 2457098.47840928  272780.7  915949.9 2712340.8  153056.1  166024.9  197590.6  495785.2  292806.2  233338.6     647.1    1064.9    1803.0     548.3     555.1     600.3     818.2     667.7     618.7
 2457098.48009910  272660.2  915120.7 2696463.5  151709.7  165233.4  195696.0  491699.4  291756.2  231288.0     656.2    1058.8    1805.2     548.1     560.8     597.8     811.8     654.2     626.0
 2457098.48178891  272006.3  914033.2 2698026.5  152440.8  164319.0  195329.7  491235.5  291978.7  231073.2     662.0    1061.6    1813.4     540.4     564.3     583.7     815.0     663.3     618.8
 2457098.48347873  272499.1  921157.9 2707638.5  152597.2  165602.2  197257.4  494247.7  294390.9  233286.1     646.0    1064.9    1806.9     540.8     553.4     592.1     812.1     661.8     619.7
 2457098.48516854  275859.1  930605.5 2740699.0  155182.2  168131.0  198735.4  500574.9  296442.5  235516.6     653.2    1067.2    1803.3     536.6     563.9     585.7     803.0     667.7     612.5
 2457098.48685836  273253.0  920096.1 2708200.5  152398.5  166441.8  196458.1  493459.1  292657.4  234179.9     656.7    1060.5    1798.4     552.8     569.5     587.7     809.8     668.4     625.9
 2457098.48854817  272451.1  920498.5 2713777.0  153232.8  167241.8  196189.8  493202.4  293850.9  233687.0     663.3    1058.0    1804.9     550.2     561.0     589.7     810.6     673.5     615.0
 2457098.49023799  271201.8  920214.8 2713327.2  153517.4  166243.7  196432.6  494387.7  293581.4  232713.5     653.8    1059.3    1805.7     549.0     571.5     598.3     814.7     666.1     620.9
 2457098.49192780  275336.2  925391.1 2726252.0  153840.4  166447.0  197346.2  497648.3  295162.8  234821.3     665.0    1060.5    1791.0     560.6     566.9     595.6     810.3     665.8     619.3
 2457098.49361762  273609.5  923874.4 2724426.8  153509.7  166769.0  197068.3  495259.6  294253.0  232291.8     643.2    1062.7    1804.5     544.2     565.1     588.3     810.4     674.6     637.3
 2457098.49530743  272079.2  920473.8 2715113.5  152461.9  166598.8  195430.0  492991.8  291686.5  231313.5     658.7    1060.6    1799.2     555.0     566.7     596.9     811.5     672.1     627.6
 2457098.49699725  260440.4  875807.4 2583616.0  146326.8  157939.0  186768.2  470882.5  279794.4  221615.5     638.5    1049.7    1781.4     538.8     547.5     581.9     802.9     656.0     623.6
 2457098.50211299  275442.3  928028.8 2734719.5  153999.5  168472.3  198389.6  497468.4  294778.4  235274.2     658.3    1055.2    1792.5     546.2     560.8     582.0     811.0     668.1     621.8
 2457098.50384910  275696.9  934149.6 2748649.8  154666.2  167838.8  198923.8  498601.2  294642.1  235017.8     653.8    1060.9    1774.9     546.0     554.8     586.5     810.9     666.9     619.8
 2457098.50553891  275761.7  929007.8 2741245.2  154719.2  167490.8  198943.0  498919.1  296704.3  234265.6     652.4    1060.8    1791.3     544.6     565.3     585.9     814.1     666.7     613.4
 2457098.50722873  275839.7  924980.8 2726954.0  153925.5  167016.6  198264.8  496006.7  293650.8  235336.5     656.8    1059.2    1781.2     548.9     559.8     594.9     812.8     665.3     616.9
 2457098.50891854  272774.8  919154.0 2707017.2  152744.6  166212.4  196941.6  495446.7  293007.7  232040.9     648.7    1056.5    1797.6     544.1     558.3     591.5     808.9     665.6     612.9
 2457098.51060836  275307.3  927237.0 2736399.8  153858.1  166932.7  198322.7  497502.7  295845.1  234536.1     658.7    1060.2    1785.5     551.1     575.3     588.8     808.9     671.6     617.5
 2457098.51229817  276512.4  933421.4 2751094.5  155052.9  167427.3  199737.2  499865.8  297379.4  233882.9     653.7    1064.4    1783.2     553.1     553.8     600.0     813.1     665.8     607.2
 2457098.51398799  277961.9  937675.8 2761276.8  155103.5  168910.0  199695.1  502273.2  298796.7  235952.6     662.0    1062.1    1793.0     548.3     563.1     596.8     811.4     665.8     624.9
 2457098.51567780  278642.9  934769.1 2766541.8  155107.4  170360.8  200086.7  503404.1  297634.7  237289.8     658.9    1060.1    1786.9     554.0     561.7     593.8     814.7     670.1     620.8
 2457098.51736762  278786.7  940434.9 2765052.0  155964.9  169837.2  201399.6  502887.5  298840.8  237891.8     651.0    1065.0    1771.8     549.0     568.8     591.4     811.8     669.1     625.4
 2457098.51905743  278333.2  936176.5 2750543.5  154997.0  169387.0  198869.7  500940.9  297266.1  236181.3     662.1    1066.8    1782.4     553.1     565.1     587.7     809.2     669.9     619.9
 2457098.52074725  277077.5  935768.6 2752158.8  155529.4  169386.6  199338.1  501598.3  298382.3  236068.3     663.4    1060.2    1768.0     548.9     562.7     592.2     809.8     668.6     625.1
 2457098.52243706  276211.2  932127.9 2745098.2  155834.7  168888.3  200395.1  500418.4  296380.7  235098.5     650.3    1062.5    1780.2     548.6     568.9     589.7     807.4     665.3     620.4
 2457098.52412688  275643.5  929191.6 2736733.0  153870.8  168045.6  198587.1  499081.8  297600.2  235053.1     650.2    1062.2    1777.9     554.6     567.5     584.7     815.1     674.3     624.0
 2457098.52581669  272761.6  919002.8 2711136.0  152590.4  165979.7  196762.7  492769.9  293834.5  233874.9     653.2    1048.8    1774.2     543.9     555.4     585.0     803.4     669.5     615.4
 2457098.52750650  272559.4  915529.1 2702732.8  153454.1  166178.1  195474.8  493755.8  292533.3  231847.2     649.7    1058.7    1785.0     540.9     567.2     591.2     804.4     669.4     628.7
 2457098.52919632  273389.5  915239.8 2703040.5  151539.3  165139.8  195798.3  491975.2  292050.5  233181.9     658.4    1057.1    1789.4     551.5     559.3     586.8     813.4     663.5     627.4
 2457098.53088613  271726.3  915655.8 2704092.5  152858.1  165444.6  195534.4  491428.9  291945.2  230955.4     659.5    1059.9    1795.0     554.6     567.7     582.9     806.1     663.4     612.3
 2457098.53257595  273192.5  917529.9 2698115.8  152240.2  164166.5  195024.5  493283.4  291275.4  232971.3     649.9    1059.5    1784.6     553.0     554.5     599.2     804.3     661.1     612.4
 2457098.53426576  272578.5  918291.3 2703793.5  154302.0  165452.7  197158.2  493293.4  294306.5  232680.4     658.1    1062.0    1775.4     553.8     566.5     585.6     811.7     668.4     625.9
 2457098.53595558  277688.2  931741.1 2731774.2  155302.1  168442.9  198843.5  500122.1  296999.5  235720.1     651.5    1060.6    1777.1     560.9     568.6     590.5     814.3     673.3     624.0
 2457098.53764539  276081.4  928893.8 2737024.8  154614.2  167764.1  197847.3  498776.7  294965.3  235270.6     658.9    1059.3    1767.7     557.1     554.3     586.5     815.0     668.2     628.7
 2457098.53933521  275419.6  928204.2 2723557.5  154014.0  166903.1  198638.9  496918.8  295691.1  234294.9     653.4    1058.4    1767.6     545.0     558.7     600.2     809.9     663.5     625.3
 2457098.54102502  276266.5  925322.8 2718063.2  153267.2  167337.9  196384.5  496398.2  294355.8  232616.0     657.1    1050.4    1760.2     561.9     564.4     589.0     813.1     666.4     626.3
 2457098.54271484  275250.2  930196.8 2730533.8  152945.4  167472.7  198165.2  497882.5  295850.8  234059.1     657.1    1057.0    1769.8     541.6     563.8     583.4     810.9     666.9     627.5
 2457098.54440465  270073.1  916787.4 2703385.8  152385.4  165253.6  197105.9  491224.9  291467.3  232373.8     654.4    1053.8    1776.1     547.1     567.8     593.7     802.4     683.0     627.9
 2457098.54609447  274785.2  929287.8 2727370.2  154192.0  167717.2  199337.0  498501.8  295432.7  234724.7     652.0    1050.8    1760.3     546.0     568.3     602.8     814.9     678.3     635.1
 2457098.54778428  275535.7  929221.6 2719819.0  153233.5  166963.3  198575.0  497356.8  293842.6  234393.6     658.2    1055.2    1770.1     564.8     566.4     590.2     811.7     673.9     620.3
 2457098.54947410  276801.4  934035.6 2745856.2  154521.5  167975.0  199359.3  500039.6  297123.8  236841.9     663.7    1057.1    1766.9     554.4     568.3     593.8     819.8     677.1     636.0
 2457098.55116391  275467.4  930771.8 2738039.2  154020.9  167732.4  198715.6  498379.5  297271.5  235329.5     658.2    1053.1    1770.5     562.9     573.0     591.0     809.8     672.0     622.1
 2457098.55285373  275585.8  929851.5 2729510.0  154739.2  168473.2  196356.3  496269.9  294262.3  235378.5     672.6    1053.4    1763.8     559.7     578.8     609.1     813.7     667.6     628.9
 2457098.55454354  276339.2  924294.4 2721228.5  154421.4  167525.8  197727.7  495632.1  294748.7  232954.0     661.0    1067.5    1764.4     557.4     570.1     603.3     814.9     671.2     631.5
 2457098.55623336  273553.0  917375.9 2698196.0  152936.6  166349.4  195514.3  491742.9  293406.7  232642.7     669.9    1052.1    1766.2     555.0     566.5     588.5     811.5     674.5     638.6
 2457098.55792317  269034.2  903664.4 2665089.8  151195.5  163686.8  193974.7  485849.5  288267.6  230008.1     663.1    1051.4    1763.0     552.6     574.8     594.1     807.1     677.7     623.4
 2457098.55961299  270513.0  910527.1 2695286.2  152053.4  165885.1  195713.6  490110.3  291800.5  231111.5     659.3    1048.9    1770.7     561.3     564.4     596.8     814.6     671.9     631.4
 2457098.56130280  268460.6  898266.2 2660639.5  149496.3  164177.1  191622.5  482585.5  289018.2  227883.1     668.9    1054.0    1786.0     562.8     573.3     599.9     814.8     673.3     618.6
 2457098.56299262  268294.5  903312.9 2677469.5  151009.2  164105.6  194214.7  485288.8  288877.5  229009.3     659.8    1052.5    1780.0     559.2     575.1     601.6     817.6     677.5     628.2
 2457098.56468243  270114.9  910932.4 2696018.2  152170.8  165566.9  194743.9  488363.9  291105.5  231600.9     654.9    1061.1    1773.3     562.1     574.2     593.4     815.9     672.3     618.6
 2457098.56637225  270482.9  907601.6 2675349.0  150749.8  163396.0  194808.6  487366.8  288986.1  230613.5     657.5    1057.3    1762.9     546.5     568.2     603.0     810.7     663.5     629.3
 2457098.56806206  269380.6  908906.1 2677497.8  152172.7  164130.0  194332.9  488198.7  288674.0  231777.8     662.8    1056.2    1769.4     560.6     575.5     598.3     812.6     668.5     632.6
 2457098.56975188  271207.3  914593.9 2695013.2  151448.6  165204.4  194971.0  491988.4  290683.2  230413.6     665.1    1057.7    1767.5     564.1     583.5     600.8     821.0     675.3     640.1
 2457098.57144169  272285.4  918453.6 2710497.8  152594.8  166316.4  196810.9  494551.9  291741.5  232610.7     660.0    1051.5    1759.9     570.1     567.3     598.5     827.5     674.8     636.3
 2457098.57313150  272650.8  914121.8 2696590.0  151877.1  166304.8  195889.6  491747.1  292068.5  231804.2     665.4    1058.6    1772.1     571.0     586.0     593.8     815.2     669.0     639.4
 2457098.57482132  271940.0  913378.2 2688632.2  152502.2  164821.4  195552.3  490668.1  291327.6  231485.5     670.2    1055.0    1763.7     560.5     576.4     602.5     814.0     680.7     632.0
 2457098.57651113  269016.1  903741.2 2659795.2  149962.2  164395.7  191768.0  485581.9  287492.6  229397.1     653.1    1048.7    1753.2     564.5     587.4     595.4     818.0     668.6     623.1
 2457098.57820095  267820.8  900305.9 2664624.2  150650.7  163063.2  192011.2  484136.2  286520.9  228605.7     661.9    1054.1    1762.7     553.6     577.6     618.3     810.3     671.5     632.3
 2457098.57989076  266454.2  900501.2 2651188.8  151029.2  163449.7  192227.4  482762.6  285695.9  227972.2     673.1    1057.6    1750.7     571.3     579.5     607.7     808.7     664.0     628.6
 2457098.58501808  268059.4  897685.2 2653020.2  150849.2  162750.5  192534.7  485846.8  286456.2  228464.5     663.5    1055.6    1758.6     572.6     579.5     599.5     820.4     673.9     629.1
 2457098.58703197  266365.8  900442.4 2635770.0  150451.5  162482.3  192053.4  482598.5  287682.2  229015.6     663.7    1053.9    1742.1     570.2     583.5     600.9     810.9     678.5     628.0
 2457098.58872178  268362.9  904358.4 2651180.8  149176.8  163034.3  193468.9  486187.8  287455.9  229405.6     662.4    1048.9    1734.7     561.9     576.8     610.6     813.3     681.0     632.8
 2457098.59041160  266443.3  895240.6 2638708.0  149068.7  162314.3  192320.5  480145.6  285320.0  225723.0     657.4    1046.4    1746.3     549.2     576.8     597.3     804.1     662.7     626.1
 2457098.59210141  259711.1  871161.6 2580876.0  144519.2  159091.8  187126.7  471815.1  277951.8  221468.4     657.6    1048.7    1748.6     569.5     565.0     608.5     814.3     682.2     636.0
 2457098.59379123  254442.9  859978.3 2518573.0  143382.5  154950.2  185020.7  461638.0  273141.7  217819.6     652.2    1048.4    1754.7     576.2     578.9     605.0     796.7     673.6     631.7
 2457098.59548104  252243.2  848544.0 2500589.0  142289.9  154624.0  180837.5  458328.4  271063.9  216034.9     662.1    1042.9    1757.0     560.8     573.4     598.6     812.3     672.5     634.4
 2457098.59717086  258895.2  873508.5 2563874.8  144962.0  157225.5  186613.5  469064.3  277486.4  220750.0     665.6    1045.4    1725.3     570.4     579.1     608.0     807.4     682.0     644.3
 2457098.59886067  262102.9  883814.5 2585567.2  146831.9  160315.3  189470.1  476901.7  280677.6  224261.4     662.9    1043.8    1717.1     577.5     589.9     610.5     814.2     677.1     635.1
 2457098.60173574  256156.8  861699.1 2538441.5  144215.2  155286.6  184332.2  466031.3  274073.8  218169.0     659.0    1034.8    1715.7     572.5     579.4     600.9     804.5     677.9     641.8
 2457098.60343153  255022.2  853601.6 2517543.0  142822.0  154386.4  183473.8  462375.1  271160.4  216589.8     670.5    1030.5    1708.3     568.1     580.8     609.1     814.0     671.1     636.7
 2457098.60512134  254488.2  857081.1 2525601.8  143367.4  155057.7  182452.7  463151.8  273354.2  217755.0     663.6    1038.6    1705.2     572.7     592.5     612.2     810.9     672.8     637.1
 2457098.60681116  252060.7  851648.2 2506624.5  141447.7  155217.7  182477.7  461906.8  271096.7  215738.3     659.7    1028.9    1696.4     571.6     579.1     614.6     810.0     688.4     646.3
 2457098.60850097  252725.0  854648.2 2513015.0  142355.3  153910.0  182395.4  462331.6  271111.7  215869.4     658.8    1034.5    1690.3     574.7     579.8     602.2     806.4     683.8     634.0
 2457098.61069552  252791.2  850014.4 2502429.2  141434.6  154388.2  181676.3  458947.8  269890.7  215769.2     667.2    1038.0    1680.6     572.7     589.0     608.4     804.9     675.1     643.4
 2457098.61408076  230900.9  782141.8 2291123.0  130530.6  142979.2  165903.8  419997.8  249144.2  196884.4     658.8    1037.0    1679.7     589.7     578.8     609.1     800.5     672.4     624.4
 2457098.61577058  236891.0  796534.7 2346654.8  133431.8  145074.2  168907.3  431823.7  254208.5  202534.5     660.8    1015.0    1709.2     574.4     593.3     605.5     790.0     675.6     618.4
 2457098.61746039  242036.9  815888.4 2404425.2  136615.3  148199.8  173473.8  441124.8  259573.4  206389.0     662.9    1021.1    1681.3     575.0     596.7     617.2     805.5     674.9     638.7
 2457098.61915021  246292.1  830428.7 2434423.5  137913.4  150353.6  176257.5  448606.8  263339.7  210310.7     669.2    1022.7    1678.8     581.8     596.6     627.2     806.5     680.2     634.8
