# HJD    Flux    Flux_err
7082.45106481    0.98941    0.00893
7082.45137731    1.01562    0.00859
7082.45168981    1.00232    0.00862
7082.45200231    0.99566    0.00871
7082.45231482    0.99529    0.00903
7082.45262731    0.98872    0.00910
7082.45293981    0.99489    0.00894
7082.45325231    0.99374    0.00915
7082.45356481    0.99567    0.00901
7082.45387731    1.00902    0.00869
7082.45420139    1.01241    0.00866
7082.45451389    1.00005    0.00877
7082.45482639    1.00077    0.00875
7082.45513889    0.99594    0.00891
7082.45545139    1.00088    0.00866
7082.45576389    0.99189    0.00886
7082.45607639    1.00272    0.00867
7082.45638889    0.99565    0.00864
7082.45701389    0.99612    0.00885
7082.45732639    0.99226    0.00891
7082.45763889    0.99487    0.00897
7082.45795139    1.00273    0.00856
7082.45826389    0.99682    0.00873
7082.45858796    1.00045    0.01156
7082.45921296    0.99848    0.00865
7082.45952546    0.99755    0.00876
7082.45983796    0.99258    0.00874
7082.46046296    1.00590    0.00837
7082.46077546    0.99817    0.00856
7082.46108796    1.00363    0.00852
7082.46140046    0.99997    0.00865
7082.46171296    1.00063    0.00865
7082.46202546    1.00057    0.00868
7082.46233796    0.99932    0.00880
7082.46266204    0.99384    0.00857
7082.46297454    1.00332    0.00851
7082.46328704    0.99741    0.00852
7082.46359954    1.00311    0.00848
7082.46391204    1.00850    0.00834
7082.46422454    0.99013    0.00856
7082.46453704    1.00401    0.00836
7082.46484954    0.99717    0.00871
7082.46516204    0.99812    0.00857
7082.46547454    1.00114    0.00837
7082.46578704    1.00733    0.00846
7082.46609954    0.99494    0.00855
7082.46641204    1.00188    0.00844
7082.46672454    1.01705    0.00845
7082.46704861    0.99502    0.00859
7082.46736111    1.00437    0.00870
7082.46767361    0.99948    0.00893
7082.46798611    1.00148    0.00863
7082.46829861    1.00443    0.00837
7082.46861111    1.00712    0.00890
7082.46892361    0.98968    0.00970
7082.46923611    1.01146    0.00911
7082.46954861    0.99660    0.00865
7082.46986111    0.99514    0.00867
7082.47079861    0.99995    0.00833
7082.47174769    1.00160    0.00843
7082.47206019    0.99510    0.00925
7082.47237269    0.99009    0.00877
7082.47299768    0.99557    0.00855
7082.47331019    1.00021    0.00837
7082.47362269    1.00470    0.00843
7082.47393519    0.99511    0.00908
7082.47424769    1.00628    0.00835
7082.47456019    1.00113    0.00848
7082.47487269    0.99968    0.00881
7082.47581019    1.00454    0.00882
7082.47643519    0.98613    0.00924
7082.47738426    1.01214    0.01023
7082.47769676    1.00699    0.00838
7082.47800926    0.99745    0.00850
7082.47832176    1.00094    0.00866
7082.47863426    0.99631    0.00874
7082.47894676    0.99777    0.00850
7082.47925926    1.00603    0.00881
7082.47957176    0.99772    0.00902
7082.47988426    1.00475    0.00823
7082.48019676    1.00529    0.00835
7082.48050926    0.99755    0.00824
7082.48082176    0.99739    0.00826
7082.48114583    0.99698    0.00826
7082.48145833    1.00217    0.00836
7082.48177083    0.99651    0.00836
7082.48208333    1.00065    0.00840
7082.48239583    0.99903    0.00829
7082.48270833    1.00740    0.00832
7082.48302083    1.00393    0.00827
7082.48333333    1.00322    0.00817
7082.48364583    1.00209    0.00863
7082.48395833    1.00694    0.00823
7082.48427083    1.00487    0.00818
7082.48458333    0.99518    0.00867
7082.48489583    1.00280    0.00841
7082.48520833    0.99324    0.00835
7082.48552083    1.00641    0.00820
7082.48584491    0.99634    0.00840
7082.48615741    1.00176    0.00816
7082.48678241    1.00605    0.00812
7082.48709491    1.00258    0.00811
7082.48740741    1.00303    0.00814
7082.48771991    0.99784    0.00841
7082.48803241    0.99626    0.00841
7082.48834491    0.99596    0.00820
7082.48865741    1.00047    0.00839
7082.48896991    0.99479    0.00824
7082.48928241    1.00072    0.00850
7082.48991898    0.99812    0.00826
7082.49023148    1.00048    0.01206
7082.49085648    1.01300    0.00863
7082.49116898    1.00663    0.00809
7082.49148148    0.99663    0.00820
7082.49179398    0.99452    0.00821
7082.49210648    1.00577    0.00813
7082.49241898    0.98810    0.01002
7082.49304398    0.99880    0.00830
7082.49335648    1.00120    0.00944
7082.49398148    0.99918    0.00815
7082.49429398    1.00381    0.00809
7082.49461806    0.99493    0.00829
7082.49493056    1.00263    0.00858
7082.49586806    1.00511    0.01197
7082.49618056    0.99732    0.00867
7082.49649306    0.99276    0.00818
7082.49680556    0.99670    0.00808
7082.49711806    0.99968    0.00804
7082.49743056    0.99631    0.00820
7082.49774306    1.00416    0.00814
7082.49805556    1.00202    0.00808
7082.49836806    0.99867    0.00805
7082.49868056    0.99282    0.00822
7082.49899306    1.00111    0.00807
7082.49931713    1.00740    0.00795
7082.49962963    0.99904    0.00801
7082.49994213    1.00359    0.00801
7082.50025463    1.00238    0.00818
7082.50056713    0.99195    0.00818
7082.50087963    1.00805    0.00841
7082.50119213    1.00331    0.00854
7082.50212963    0.99727    0.00995
7082.50275463    0.99966    0.00864
7082.50337963    0.99660    0.00829
7082.50370370    1.00264    0.00806
7082.50401620    0.99886    0.00814
7082.50432870    0.99340    0.00811
7082.50464120    0.99688    0.00846
7082.50495370    0.99999    0.00821
7082.50526620    1.00353    0.00821
7082.50557870    1.00506    0.00794
7082.50589120    1.00599    0.00783
7082.50620370    1.00355    0.00810
7082.50651620    0.99766    0.01102
7082.50682870    0.99212    0.00799
7082.50714120    0.99418    0.00825
7082.50745370    1.00411    0.00820
7082.50776620    1.00258    0.00799
7082.50807870    1.03967    0.02166
7082.50840278    1.00175    0.00803
7082.50871528    1.00171    0.00791
7082.50902778    0.99654    0.00804
7082.50934028    0.99781    0.00815
7082.50965278    0.99937    0.00812
7082.50996528    1.00550    0.00779
7082.51027778    1.00331    0.00779
7082.51059028    1.00175    0.00788
7082.51090278    0.99329    0.00788
7082.51121528    0.99720    0.00813
7082.51152778    1.00126    0.00786
7082.51184028    0.99459    0.00825
7082.51215278    0.99804    0.00783
7082.51246528    0.99981    0.00802
7082.51277778    0.99289    0.00847
7082.51310185    0.99495    0.00845
7082.51341435    0.99437    0.00791
7082.51372685    0.99747    0.00797
7082.51403935    0.99638    0.00788
7082.51435185    0.99581    0.00790
7082.51466435    1.00032    0.00780
7082.51497685    1.00046    0.00779
7082.51528935    0.99565    0.00802
7082.51560185    1.00504    0.00782
7082.51591435    0.99955    0.00784
7082.51622685    0.99399    0.00792
7082.51653935    0.99714    0.00784
7082.51685185    0.99859    0.00784
7082.51716435    1.00246    0.00773
7082.51747685    0.99748    0.00778
7082.51778935    0.99844    0.00778
7082.51811343    1.00586    0.00809
7082.51842593    0.99304    0.00787
7082.51873843    0.99982    0.00777
7082.51905093    1.00852    0.00770
7082.51936343    0.99966    0.00779
7082.51967593    1.00038    0.00784
7082.51998843    1.00351    0.00771
7082.52030093    0.99620    0.00780
7082.52061343    0.99218    0.00806
7082.52092593    0.99467    0.00791
7082.52109954    1.00541    0.00791
7082.52141204    0.99575    0.00792
7082.52172454    1.00084    0.00783
7082.52203704    1.00265    0.00781
7082.52234954    0.99396    0.00788
7082.52266204    1.00623    0.00789
7082.52297454    0.99476    0.00794
7082.52328704    0.99373    0.00789
7082.52359954    0.99735    0.00794
7082.52391204    0.99861    0.00780
7082.52422454    0.99727    0.00791
7082.52453704    0.99817    0.00787
7082.52548611    1.00903    0.00778
7082.52579861    1.00772    0.00943
7082.52642361    1.00105    0.00791
7082.52673611    1.00959    0.00837
7082.52704861    1.00477    0.00778
7082.52736111    1.00312    0.00777
7082.52767361    1.00273    0.00795
7082.52798611    0.99596    0.00803
7082.52829861    1.01281    0.00763
7082.52861111    0.99745    0.00797
7082.52892361    1.00007    0.00778
7082.52923611    0.99638    0.00782
7082.52954861    0.99791    0.00780
7082.52986111    1.00076    0.00788
7082.53018519    0.99553    0.00787
7082.53049769    0.99657    0.00796
7082.53081019    1.00052    0.00793
7082.53112269    0.99502    0.00782
7082.53143519    1.00274    0.00771
7082.53174769    0.99685    0.00779
7082.53206018    1.00729    0.00768
7082.53237269    1.00556    0.00773
7082.53268519    1.00383    0.00772
7082.53299769    1.00369    0.00791
7082.53362269    0.99921    0.00779
7082.53393519    1.00624    0.00771
7082.53424769    0.99985    0.00788
7082.53456019    1.00043    0.00830
7082.53488426    0.99074    0.00781
7082.53519676    0.99788    0.00769
7082.53550926    1.00897    0.00761
7082.53582176    0.98759    0.00787
7082.53613426    1.00024    0.00776
7082.53644676    0.99848    0.00774
7082.53707176    1.00962    0.00761
7082.53738426    1.00851    0.00766
7082.53769676    0.99994    0.00777
7082.53800926    1.00239    0.00769
7082.53832176    0.99921    0.00771
7082.53863426    0.99290    0.00776
7082.53894676    1.00584    0.00778
7082.53925926    0.99431    0.00776
7082.53989583    1.00669    0.00778
7082.54020833    1.00779    0.00770
7082.54052083    0.99352    0.00775
7082.54083333    0.99295    0.00788
7082.54114583    0.99997    0.00770
7082.54177083    1.00277    0.00788
7082.54208333    1.00369    0.00780
7082.54239583    0.99709    0.00780
7082.54270833    1.00286    0.01191
7082.54302083    0.99313    0.00774
7082.54364583    0.99824    0.00769
7082.54395833    0.99948    0.00770
7082.54427083    1.00287    0.00773
7082.54459491    1.00255    0.00765
7082.54490741    1.00514    0.00770
7082.54521991    1.00163    0.01103
7082.54553241    1.00246    0.00801
7082.54584491    1.00426    0.00820
7082.54615741    1.01032    0.00765
7082.54646991    0.99346    0.00775
7082.54709491    0.99293    0.00774
7082.54740741    1.00281    0.00818
7082.54771991    1.00012    0.00779
7082.54803241    1.00138    0.00774
7082.54865741    0.99387    0.00772
7082.54929398    0.99677    0.00777
7082.54960648    0.99359    0.00812
7082.54991898    1.00178    0.00788
7082.55023148    0.99617    0.00795
7082.55054398    0.99999    0.00800
7082.55085648    0.99128    0.00786
7082.55116898    0.99848    0.00777
7082.55273148    1.01232    0.01069
7082.55304398    0.99997    0.00794
7082.55366898    0.99453    0.00801
7082.55461806    1.00503    0.00776
7082.55493056    0.99410    0.00827
7082.55524306    0.99878    0.00761
7082.55555556    0.99032    0.00820
7082.55586806    1.00259    0.00802
7082.55618056    0.99668    0.00777
7082.55649306    0.99419    0.00778
7082.55711806    1.00286    0.00852
7082.55743056    1.00242    0.01145
7082.55774306    1.00598    0.00759
7082.55805556    0.98944    0.00779
7082.55837963    0.99989    0.00857
7082.55869213    0.99868    0.00862
7082.55900463    1.02126    0.01589
7082.55962963    0.99792    0.00777
7082.55994213    1.00408    0.00941
7082.56025463    0.99330    0.00852
7082.56056713    0.99694    0.00796
7082.56087963    1.00316    0.00808
7082.56119213    0.99441    0.00788
7082.56150463    1.00172    0.01187
7082.56181713    0.98983    0.00778
7082.56214120    0.99541    0.00786
7082.56245370    1.00195    0.00758
7082.56276620    1.00018    0.00760
7082.56307870    1.00261    0.00796
7082.56339120    0.99770    0.00800
7082.56370370    0.98994    0.00783
7082.56401620    0.99891    0.00760
7082.56432870    1.00779    0.00760
7082.56464120    1.01093    0.00772
7082.56526620    0.99828    0.00764
7082.56557870    0.99908    0.00767
7082.56715278    1.00530    0.00754
7082.56746528    1.00467    0.00757
7082.56777778    1.00839    0.01061
7082.56840278    1.00160    0.00757
7082.56871528    1.00062    0.01631
7082.56902778    1.00555    0.00751
7082.56934028    0.99360    0.00771
7082.57027778    0.99561    0.00908
7082.57059028    0.99151    0.00811
7082.57090278    1.00153    0.00846
7082.57121528    1.00001    0.00812
7082.57152778    0.99450    0.00880
7082.57216435    1.00466    0.00771
7082.57247685    1.01674    0.01521
7082.57278935    0.98959    0.00775
7082.57372685    0.99690    0.00874
7082.57403935    1.00266    0.00756
7082.57435185    1.00008    0.00758
7082.57497685    0.99806    0.00763
7082.57561343    0.99908    0.00839
7082.57592593    1.00176    0.00852
7082.57623843    0.99912    0.00757
7082.57655093    1.00007    0.00768
7082.57686343    1.00155    0.00782
7082.57748843    1.00400    0.00811
7082.57780093    0.99633    0.00760
7082.57811343    1.00442    0.00756
7082.57842593    1.00420    0.00762
7082.57873843    0.99377    0.00763
7082.57905093    0.99733    0.00757
7082.57936343    0.99205    0.00775
7082.57967593    1.00644    0.00760
7082.57998843    0.99511    0.00763
7082.58030093    0.99860    0.00954
7082.58093750    0.99222    0.00778
7082.58125000    1.00352    0.00755
7082.58156250    1.00313    0.00757
7082.58187500    1.00603    0.00764
7082.58250000    0.99809    0.00760
7082.58281250    1.00154    0.00802
7082.58312500    0.98363    0.00834
7082.58343750    0.99063    0.00781
7082.58375000    0.99716    0.00763
7082.58406250    0.99824    0.00765
7082.58437500    0.99571    0.00941
7082.58532407    1.00126    0.00753
7082.58563657    0.99214    0.00765
7082.58594907    0.99122    0.00782
7082.58626157    0.99339    0.00789
7082.58657407    0.99909    0.00855
7082.58719907    1.00899    0.01001
7082.58782407    1.00899    0.00794
7082.58844907    0.99366    0.00797
7082.58876157    0.99793    0.00792
7082.58907407    0.99518    0.00809
7082.58969907    0.99315    0.00765
7082.59001157    0.99968    0.00763
7082.59033565    1.00512    0.00814
7082.59064815    1.01066    0.00887
7082.59096065    1.00573    0.00998
7082.59127315    1.00502    0.00758
7082.59158565    0.99723    0.00765
7082.59189815    0.99343    0.00773
7082.59221065    1.00265    0.00766
7082.59252315    1.00112    0.00759
7082.59283565    0.99312    0.00777
7082.59314815    0.99798    0.00784
7082.59346065    1.00329    0.00799
7082.59377315    1.00045    0.00914
7082.59408565    1.00058    0.00836
7082.59439815    1.00504    0.00753
7082.59471065    1.01950    0.01453
7082.59503472    1.00031    0.00764
7082.59534722    0.99968    0.00751
7082.59565972    1.00123    0.00768
7082.59597222    0.99891    0.00950
7082.59659722    0.99910    0.00866
7082.59722222    1.00022    0.00764
7082.59784722    0.99677    0.00809
7082.59815972    0.99629    0.00756
7082.59847222    1.01646    0.00915
7082.59878472    0.99340    0.00808
7082.59909722    1.00137    0.00772
7082.59940972    0.99349    0.00772
7082.59972222    1.00686    0.00767
7082.60004630    0.99928    0.00760
7082.60035880    1.00084    0.00759
7082.60067130    0.99890    0.00820
7082.60098380    0.99904    0.00759
7082.60129630    0.99427    0.00760
7082.60160880    0.99606    0.00757
7082.60223380    0.99819    0.00772
7082.60317130    1.00289    0.00807
7082.60349537    0.99757    0.00771
7082.60380787    0.99604    0.00759
7082.60412037    1.00123    0.00859
7082.60474537    1.01063    0.00759
7082.60505787    0.99903    0.00757
7082.60537037    0.99408    0.00806
7082.60600694    1.00402    0.00764
7082.60631944    0.99718    0.00832
7082.60663194    1.00941    0.00787
7082.60725694    1.00378    0.00795
7082.60756944    0.99866    0.00771
7082.60851852    0.98958    0.00917
7082.60883102    0.99167    0.00799
7082.60976852    1.01630    0.01176
7082.61070602    0.99687    0.00769
7082.61101852    0.99281    0.00889
7082.61195602    0.99917    0.00759
7082.61290509    0.99453    0.00777
7082.61321759    0.99439    0.00864
7082.61384259    1.00267    0.01617
7082.61446759    1.00747    0.00749
7082.61540509    0.98676    0.00893
7082.61571759    0.99604    0.00841
7082.61603009    0.99550    0.00764
7082.61634259    1.00040    0.00762
7082.61666667    0.99615    0.00773
7082.61697917    1.00784    0.00758
7082.61760417    1.00627    0.00943
7082.61791667    0.99110    0.00812
7082.61822917    1.00186    0.00791
7082.61885417    0.99542    0.00861
7082.61916667    0.99437    0.01064
7082.61947917    1.00494    0.00754
7082.61979167    1.00617    0.00750
7082.62010417    1.00411    0.00778
7082.62041667    0.99602    0.00883
7082.62072917    1.00381    0.00748
7082.62105324    1.00459    0.00746
7082.62136574    0.99294    0.00758
7082.62199074    1.00171    0.00794
7082.62230324    0.99253    0.00764
7082.62261574    1.00546    0.00763
7082.62324074    1.00935    0.00745
7082.62355324    0.99703    0.00766
7082.62386574    1.00186    0.00784
7082.62417824    1.00072    0.00787
7082.62449074    0.98943    0.00769
7082.62480324    0.98848    0.00773
7082.62511574    0.98874    0.00822
7082.62542824    0.99186    0.00834
7082.62575231    0.98877    0.00777
7082.62606481    0.99403    0.00787
7082.62637731    0.99471    0.00766
7082.62668981    0.99791    0.00769
7082.62700231    0.99531    0.00777
7082.62731481    0.99508    0.00772
7082.62762731    0.99189    0.00781
7082.62793981    0.99308    0.00765
7082.62825231    0.99494    0.00763
7082.62856482    0.99146    0.00765
7082.62887731    1.00332    0.00767
7082.62918981    1.00174    0.00761
7082.62981481    1.00141    0.00758
7082.63012731    0.99403    0.00768
7082.63045139    0.99513    0.00820
7082.63076389    1.00391    0.00769
7082.63107639    0.99213    0.00766
7082.63138889    1.00151    0.00759
7082.63170139    0.99780    0.00760
7082.63201389    0.99397    0.00814
7082.63232639    0.98879    0.00806
7082.63263889    0.99038    0.00878
7082.63295139    0.98580    0.00771
7082.63326389    0.99189    0.00768
7082.63357639    0.99557    0.00856
7082.63388889    0.99869    0.00909
7082.63420139    0.99307    0.00764
7082.63451389    0.99166    0.00773
7082.63482639    0.98722    0.00885
7082.63513889    0.98604    0.00780
7082.63546296    0.99593    0.00777
7082.63577546    0.99283    0.00767
7082.63608796    0.98815    0.00799
7082.63640046    0.98908    0.00776
7082.63671296    0.98791    0.00790
7082.63702546    0.99231    0.00820
7082.63733796    0.98990    0.00775
7082.63765046    0.99522    0.00767
7082.63796296    0.99075    0.00773
7082.63827546    0.99556    0.00867
7082.63858796    0.99687    0.00772
7082.63890046    1.00190    0.00777
7082.63921296    0.99003    0.00803
7082.63952546    0.99475    0.00790
7082.63984954    0.99325    0.00768
7082.64016204    0.99800    0.00761
7082.64047454    0.99682    0.00758
7082.64078704    0.99594    0.00760
7082.64109954    0.99950    0.00830
7082.64141204    0.99635    0.00763
7082.64172454    1.00251    0.00754
7082.64203704    1.00005    0.00773
7082.64234954    0.99441    0.00760
7082.64266204    0.99777    0.00779
7082.64297454    0.99210    0.00773
7082.64328704    0.99904    0.00778
7082.64359954    0.99784    0.00768
7082.64391204    0.99542    0.00790
7082.64423611    1.00585    0.00751
7082.64454861    0.98824    0.00865
7082.64486111    0.99436    0.00768
7082.64517361    0.98968    0.00770
7082.64548611    0.98526    0.01022
7082.64579861    0.99420    0.00813
7082.64611111    1.00682    0.00758
7082.64642361    1.00138    0.00773
7082.64673611    0.98745    0.00804
7082.64704861    0.99391    0.00776
7082.64736111    0.99444    0.00836
7082.64767361    1.00715    0.00774
7082.64798611    0.98651    0.00818
7082.64829861    0.99774    0.00810
7082.64861111    0.99026    0.00843
7082.64893519    0.98824    0.00866
7082.64924768    0.99984    0.00785
7082.64987269    0.98924    0.00803
7082.65018519    0.99312    0.00802
7082.65049769    0.99416    0.00806
7082.65081019    0.98800    0.00818
7082.65112269    1.00255    0.00789
7082.65143519    0.99484    0.00789
7082.65174769    1.00059    0.00776
7082.65206019    0.98203    0.00819
7082.65237269    0.98649    0.00811
7082.65268518    0.98801    0.00802
7082.65299769    0.98627    0.00808
7082.65331019    0.99186    0.00839
7082.65363426    1.00362    0.00800
7082.65394676    0.98532    0.00793
7082.65457176    0.98780    0.00825
7082.65488426    1.00007    0.00779
7082.65519676    0.99236    0.00833
7082.65550926    1.00416    0.00806
7082.65582176    1.00271    0.00793
7082.65613426    0.99608    0.00809
7082.65644676    1.00202    0.00841
7082.65675926    0.98878    0.00822
7082.65707176    0.98763    0.00833
7082.65738426    0.99044    0.00805
7082.65800926    0.99247    0.00810
7082.65833333    0.99377    0.00811
7082.65864583    1.00192    0.00957
7082.65927083    0.99079    0.00816
7082.65958333    0.99507    0.00797
7082.65989583    0.99031    0.00794
7082.66020833    0.98352    0.00850
7082.66052083    0.98802    0.00798
7082.66145833    0.99654    0.00794
7082.66177083    0.97549    0.00868
7082.66208333    0.98661    0.00830
7082.66239583    0.98813    0.00806
7082.66271991    0.99334    0.00807
7082.66303241    1.00097    0.00798
7082.66334491    0.98526    0.00793
7082.66365741    0.99122    0.00790
7082.66396991    0.98824    0.00791
7082.66428241    0.99524    0.00806
7082.66459491    1.00566    0.01643
7082.66490741    0.99791    0.00856
7082.66584491    0.99245    0.00809
7082.66646991    1.00166    0.00877
7082.66678241    1.00042    0.00862
7082.66709491    0.98577    0.00802
7082.66741898    0.98966    0.00775
7082.66835648    0.99587    0.00789
7082.66866898    0.99950    0.00834
7082.67023148    0.99102    0.00797
7082.67148148    1.00305    0.00855
7082.67180556    0.99954    0.00769
7082.67211806    0.99472    0.00794
7082.67336806    0.98919    0.00819
7082.67430556    0.98925    0.00857
7082.67524306    0.98933    0.00825
7082.67618056    0.99025    0.00840
7082.67649306    0.98955    0.00800
7082.67681713    0.99744    0.00819
7082.67712963    0.98984    0.00789
7082.67837963    0.99585    0.00798
7082.67869213    0.98737    0.00874
7082.67900463    0.99218    0.00793
7082.67962963    0.99224    0.00830
7082.68025463    0.99477    0.00814
7082.68151620    0.98775    0.00896
7082.68245370    0.99860    0.00814
7082.68276620    0.99420    0.00796
7082.68307870    0.98773    0.00793
7082.68339120    0.99372    0.00790
7082.68370370    0.98448    0.00962
7082.68432870    1.00846    0.00891
7082.68495370    0.99517    0.00776
7082.68527778    0.98675    0.00805
7082.68559028    0.99680    0.00801
7082.68621528    1.00166    0.00785
7082.68652778    1.00245    0.00796
7082.68684028    0.99264    0.00796
7082.68715278    0.99523    0.00817
7082.68746528    0.99577    0.00771
7082.68777778    0.99103    0.00789
7082.68810185    0.99885    0.00761
7082.68841435    0.98192    0.00868
7082.68872685    0.99832    0.00738
7082.68903935    0.98971    0.00750
7082.68935185    0.98362    0.00755
7082.68966435    0.99940    0.00763
7082.68997685    0.98998    0.00742
7082.69028935    0.99621    0.00780
7082.69060185    0.99447    0.00733
7082.69091435    0.99489    0.00787
7082.69122685    0.98991    0.00759
7082.69153935    0.98652    0.00766
7082.69216435    0.98944    0.00748
7082.69247685    0.98548    0.00754
7082.69280093    0.98406    0.00764
7082.69311343    0.98962    0.00718
7082.69342593    1.00050    0.00725
7082.69373843    0.99668    0.00748
7082.69405093    0.99177    0.00802
7082.69436343    0.99393    0.00748
7082.69467593    0.99370    0.00730
7082.69498843    0.99992    0.00743
7082.69530093    0.99019    0.00749
7082.69561343    0.99204    0.00771
7082.69592593    0.98921    0.00731
7082.69623843    0.99102    0.00756
7082.69655093    0.99707    0.00721
7082.69687500    0.98089    0.00732
7082.69718750    0.99658    0.00712
7082.69750000    1.00030    0.00702
7082.69781250    0.99449    0.00759
7082.69812500    0.99414    0.00719
7082.69843750    0.98931    0.00707
7082.69875000    0.98993    0.00707
7082.69906250    0.99252    0.00706
7082.69937500    0.99230    0.00707
7082.69968750    0.98367    0.00723
7082.70000000    0.99995    0.00709
7082.70031250    0.98973    0.00766
7082.70062500    0.97925    0.00728
7082.70093750    0.98893    0.00733
7082.70126157    0.99051    0.00743
7082.70188657    0.99539    0.00725
7082.70219907    0.99516    0.00701
7082.70251157    0.99267    0.00740
7082.70282407    1.00202    0.00703
7082.70313657    0.99329    0.00719
7082.70344907    0.98945    0.00767
7082.70376157    1.00190    0.00733
7082.70407407    1.00383    0.00712
7082.70438657    0.98935    0.00725
7082.70469907    0.99228    0.00716
7082.70501157    0.99213    0.00689
7082.70532407    0.99726    0.00699
7082.70564815    0.99104    0.00723
7082.70596065    0.99216    0.00704
7082.70627315    0.99867    0.00682
7082.70658565    0.99443    0.00722
7082.70689815    0.99753    0.00690
7082.70721065    0.98853    0.00797
7082.70752315    0.99326    0.00717
7082.70783565    0.96813    0.00876
7082.70814815    0.98773    0.00738
7082.70846065    1.00702    0.00708
7082.70877315    0.99165    0.00704
7082.70908565    0.98924    0.00717
7082.70939815    0.98800    0.00712
7082.70971065    0.99399    0.00707
7082.71003472    0.99479    0.00712
7082.71034722    0.97701    0.00743
7082.71065972    0.98670    0.00720
7082.71097222    1.00671    0.00733
7082.71128472    0.98753    0.00746
7082.71159722    0.99232    0.00730
7082.71190972    0.99756    0.00700
7082.71222222    0.99439    0.00686
7082.71253472    1.00009    0.00707
7082.71284722    0.99045    0.00723
7082.71315972    0.99603    0.00718
7082.71347222    0.98936    0.00705
7082.71378472    0.98998    0.00706
7082.71409722    0.99077    0.00721
7082.71440972    0.99108    0.00735
7082.71472222    0.99966    0.00710
7082.71504630    0.99443    0.00716
7082.71535880    0.99787    0.00718
7082.71567130    0.98823    0.00747
7082.71598380    1.00287    0.00681
7082.71629630    0.99580    0.00697
7082.71660880    0.98032    0.00765
7082.71692130    0.99706    0.00708
7082.71723380    0.99125    0.00718
7082.71754630    0.98932    0.00755
7082.71817130    0.99440    0.00725
7082.71848380    0.98467    0.00767
7082.71879630    0.99868    0.00721
7082.71942130    0.99551    0.00713
7082.72005787    0.98365    0.00758
7082.72037037    0.99195    0.00702
7082.72068287    0.98863    0.00742
7082.72099537    0.99014    0.00700
7082.72130787    0.98539    0.00698
7082.72162037    0.99306    0.00795
7082.72193287    0.99312    0.00707
7082.72224537    0.98717    0.00705
7082.72255787    0.99270    0.00701
7082.72287037    1.00047    0.00715
7082.72318287    1.00011    0.00725
7082.72349537    0.99260    0.00721
7082.72380787    0.99834    0.00693
7082.72412037    0.98321    0.00715
7082.72443287    0.98872    0.00706
7082.72475694    0.99219    0.00695
7082.72506944    0.98637    0.00722
7082.72538194    1.00953    0.00691
7082.72600694    0.99204    0.00702
7082.72631944    0.99139    0.00713
7082.72663194    0.99579    0.00710
7082.72694444    0.98118    0.00730
7082.72725694    1.00455    0.00694
7082.72756944    0.97936    0.00760
7082.72788194    0.99741    0.00699
7082.72850694    0.98003    0.00727
7082.72881944    1.00224    0.00692
7082.72914352    0.99233    0.00779
7082.72945602    0.99894    0.00695
7082.72976852    0.98784    0.00749
7082.73008102    0.99439    0.00703
7082.73039352    1.00211    0.00732
7082.73070602    0.99224    0.00709
7082.73101852    0.99638    0.00708
7082.73133102    0.99553    0.00743
7082.73164352    0.99254    0.00716
7082.73195602    1.00524    0.00695
7082.73226852    0.99023    0.00761
7082.73258102    0.99521    0.00712
7082.73289352    1.00387    0.00694
7082.73320602    0.99571    0.00742
7082.73351852    0.99427    0.00730
7082.73383102    0.99709    0.00711
7082.73415509    0.99795    0.00734
7082.73446759    0.99723    0.00718
7082.73478009    0.98990    0.00714
7082.73509259    0.98871    0.00737
7082.73540509    0.99531    0.00743
7082.73571759    1.00390    0.00724
7082.73603009    0.98874    0.00722
7082.73634259    0.99700    0.00729
7082.73665509    0.98226    0.00741
7082.73696759    0.99130    0.00742
7082.73728009    0.99075    0.00748
7082.73759259    0.98388    0.00723
7082.73790509    0.98869    0.00731
7082.73821759    1.00050    0.00717
7082.73853009    0.99800    0.00721
7082.73885417    0.99073    0.00729
7082.73916667    0.99474    0.00703
7082.73947917    0.99627    0.00737
7082.73979167    1.00326    0.00732
7082.74010417    0.99714    0.00729
7082.74041667    0.99424    0.00713
7082.74072917    0.99510    0.00722
7082.74104167    0.99160    0.00724
7082.74135417    0.99672    0.00727
7082.74166667    0.99250    0.00730
7082.74197917    0.99213    0.00729
7082.74229167    0.99444    0.00730
7082.74260417    0.99903    0.00720
7082.74291667    0.99332    0.00728
7082.74322917    0.98903    0.00745
7082.74354167    0.99083    0.00760
7082.74386574    1.00416    0.00710
7082.74417824    0.99042    0.00724
7082.74449074    0.99281    0.00722
7082.74480324    0.98327    0.00749
7082.74511574    0.99871    0.00750
7082.74542824    0.98624    0.00740
7082.74574074    0.99476    0.00725
7082.74605324    1.00998    0.00717
7082.74636574    0.99674    0.00742
7082.74667824    0.98901    0.00745
7082.74699074    0.99367    0.00720
7082.74730324    0.98217    0.00740
7082.74761574    0.99378    0.00732
7082.74792824    0.99958    0.00725
7082.74824074    0.99056    0.00737
7082.74856481    0.99988    0.00710
7082.74887731    0.99031    0.00721
7082.74918982    0.99202    0.00759
7082.74950231    0.99964    0.00748
7082.74981481    0.98870    0.00721
