# BJD RV(ms uncertainty (m/s)
 2457050.85856       -8.88        5.19
 2457051.81505      -15.46        3.42
 2457052.86521      -29.96        4.76
 2457054.81634        0.96        6.52
 2457055.85049        3.82        4.55
 2457061.70681       20.63        6.77
 2457061.79848       17.55        4.50
 2457061.81294       30.88        5.05
 2457062.77601        6.73        4.57
 2457062.79007       13.98        4.42
 2457062.80443       10.52        5.10
 2457064.76307        8.89        4.15
 2457064.77760       17.62        4.27
 2457064.79190       30.78        4.92
 2457065.76985       33.43        4.99
 2457065.78424       23.95        4.94
 2457065.79889       30.89        4.83
 2457066.75799       26.22        5.42
 2457066.77275       30.65        6.15
 2457066.78723        4.93        7.64
 2457067.76192      -10.04        5.16
 2457067.77624      -22.25        5.54
 2457067.79082       -0.95        5.19
 2457068.76326       14.88        5.04
 2457068.77757        2.66        5.19
 2457068.79244       -6.31        5.14
 2457069.76793      -23.29        5.11
 2457069.78244      -11.48        5.13
 2457069.79654      -12.98        5.01
 2457118.65185      -13.28        4.09
 2457118.66628       -1.10        4.78
 2457118.68049        0.00        4.24
 2457119.65552      -10.47        3.85
 2457119.67002       -7.98        3.89
 2457119.68417       10.92        4.36
 2457120.63937        6.03        3.72
 2457120.65355        7.85        5.47
 2457121.62451        0.24        4.29
 2457121.63942        8.99        3.82
 2457121.65395       19.60        3.88
 2457122.62934        6.10        5.34
 2457122.64080      -16.70        4.84
 2457122.65206       -6.75        5.11
 2457123.63854      -16.07        5.56
 2457123.66345        4.63        6.12
 2457123.67839       -5.18        5.88
 2457124.67522      -21.64        8.47
 2457185.51808        3.74        3.19
 2457186.50677        0.01        4.83
 2457187.53841       -4.75        3.55
 2457188.54280       -8.46        3.50
 2457189.57695       -1.20        3.56
 2457190.57602       -1.17        3.11
 2457191.59452       11.82        3.99
 2457203.50361      -11.02        4.73
 2457198.47072      -10.79        5.13
 2457198.52715       -6.69        4.53
 2457199.51333      -15.31        4.49
 2457199.52804       -1.28        5.21
 2457200.52892       -9.33        5.14
 2457200.54451       10.03        7.79
 2457203.52075      -29.66        5.43
 2457203.53537      -47.19        6.68
 2457204.49376       -5.84        4.48
 2457204.50816      -20.38        4.80
 2457205.50352      -20.85        4.69
 2457205.51810       -5.42        4.48
 2457206.49605       11.04        4.13
 2457206.50796       10.19        4.49
